A  R  N  D  C  Q  E  G  H  I  L  K  M  F  P  S  T  W  Y  V  B  Z  X  *  
4  -3  -1  -1.8356827988376931  -3  -2  -1.3431025621239767  1  -5.377088150974949  -2  -3  -3  -2  -5  1  1.791083995109088  1.0211439017255013  -7  -4  0  -1  -1  -1  -9  
-3  7  -2  -4  -5  1  -3  -5  1  -3  -5  2  -1  -6  -1  -1  -1.6489740152958026  1  -6  -4  -3  -1  -2  -9  
-1  -2  5  3  -2.3200815843775073  -1  -0.4237631341609296  -1  2  -5.655750758503362  -4  1  -4  -5  -2  1  0  -5  -2  -3  4  0  -1  -9  
-1.8356827988376931  -4  3  5  -7  0  4  1.39511429209772  -1  -4  -5.710151854036477  -1  -5  -8.97123155499677  -3  -1  -2  -9  -6  -4  4  3  -2  -9  
-3  -5  -2.3200815843775073  -7  9  -8  -8  -5  -4  -3  -9.883794666024421  -8  -7  -7  -4  -1  -4  -9  -1  -3  -4.368309767680584  -8  -5  -9  
-2  1  -1  0  -8  6  2  -5.821907311343336  3  -6.415215691031134  -2  0  -2  -7  -1  -2  -2  -7  -6  -3  0  5  -2  -9  
-1.3431025621239767  -3  -0.4237631341609296  4  -8  2  5  -1  -1  -3  -5  -1  -4  -8  -2  -1  -2  -5.047142661454191  -3.855495718899612  -3  3  4  -4.199663208435982  -9  
1  -5  -1  1.39511429209772  -5  -5.821907311343336  -1  5  -4  -7.0590972915572205  -6  -3  -4  -6  0.08261723873177917  0  -2  -10.418005553901242  -7  -3  -1  -4.427932515112659  -2  -9  
-5.377088150974949  1  2  -1  -4  3  -1  -4  7  -4  -3  -2  -4  -3  -1  -2.0419743973558804  -3  -4  -1  -3  1  1  -2  -9  
-2  -3  -5.655750758503362  -4  -3  -6.415215691031134  -3  -7.0590972915572205  -4  6  1  -3  1  0  -4  -3  0  -7  -3  5.181371355051577  -3  -3  -2  -9  
-3  -5  -4  -5.710151854036477  -9.883794666024421  -2  -5  -6  -3  1  6  -4.170573489326861  4.044736468326037  0  -4  -4  -3  -3  -3  0  -5  -2.440625478662839  -3  -9  
-3  2  1  -1  -8  0  -1  -3  -2  -3  -4.170573489326861  5  0  -7  -3  -1  -1  -6  -6  -4  0  -1  -2  -9  
-2  -1  -4  -5  -7  -2  -4  -4  -4  1  4.044736468326037  0  6.087637028719235  -1  -3.2319332856862983  -3  -1  -6  -5  0.6689921562455452  -4  -2  -2  -9  
-5  -6  -5  -8.97123155499677  -7  -7  -8  -6  -3  0  0  -7  -1  8  -6  -4  -5  -1  9.240878495683383  -3  -6  -7  -4  -9  
1  -1  -2  -3  -4  -1  -2  0.08261723873177917  -1  -4  -4  -3  -3.2319332856862983  -6  7  0  -1  -7  -7  1.005515058220813  -3  -1  -2  -9  
1.791083995109088  -1  1  -1  -1  -2  -1  0  -2.0419743973558804  -3  -4  -1  -3  -4  0  4  2  -4.869184153182906  -4  -2  0  -2  -1  -9  
1.0211439017255013  -1.6489740152958026  0  -2  -4  -2  -2  -2  -3  0  -3  -1  -1  -5  -1  2  5  -7  -4  0.43959584380865824  -1  -2  -1  -9  
-7  1  -5  -9  -9  -7  -5.047142661454191  -10.418005553901242  -4  -7  -3  -6  -6  -1  -7  -4.869184153182906  -7  12  -3.2651053968828343  -10.460602941986748  -6  -8  -6.824082374550337  -9  
-4  -6  -2  -6  -1  -6  -3.855495718899612  -7  -1  -3  -3  -6  -5  9.240878495683383  -7  -4  -4  -3.2651053968828343  9  -4  -4.128596650737177  -6  -4  -9  
0  -4  -3  -4  -3  -3  -3  -3  -3  5.181371355051577  0  -4  0.6689921562455452  -3  1.005515058220813  -2  0.43959584380865824  -10.460602941986748  -4  5  -4  -3  -2  -9  
-1  -3  4  4  -4.368309767680584  0  3  -1  1  -3  -5  0  -4  -6  -3  0  -1  -6  -4.128596650737177  -4  4  2.8775556599287455  -2.5788422948692244  -9  
-1  -1  0  3  -8  5  4  -4.427932515112659  1  -3  -2.440625478662839  -1  -2  -7  -1  -2  -2  -8  -6  -3  2.8775556599287455  5  -2  -9  
-1  -2  -1  -2  -5  -2  -4.199663208435982  -2  -2  -2  -3  -2  -2  -4  -2  -1  -1  -6.824082374550337  -4  -2  -2.5788422948692244  -2  -2  -9  
-9  -9  -9  -9  -9  -9  -9  -9  -9  -9  -9  -9  -9  -9  -9  -9  -9  -9  -9  -9  -9  -9  -9  1  
