A  R  N  D  C  Q  E  G  H  I  L  K  M  F  P  S  T  W  Y  V  B  Z  X  *  
4  -3  -2.8969676030540565  -1  -3  -2  0  0.14480087378655337  -3  -2  -3  -3  -2  -5  1  1  1  -7  -4  0  -1  -1  -1  -9  
-3  7  -2.7034585528795327  -4  -5  1  -3  -5  1  -3  -4.25141209009967  2  -1  -6  -1.2150442710036367  -1  -3  1  -6  -1.3139181691209705  -3  -1  -2  -9  
-2.8969676030540565  -2.7034585528795327  5  5.353371514431678  -5  -1  1  -1  2  -3  -4  1  -4  -5  -2  -1.4648838758131664  -1.823176356755794  -4.679614207268429  -2.1762505232962526  -3  4  0  -1  -9  
-1  -4  5.353371514431678  5  -7  0  4  -3.7808912813169684  -0.8304456056172489  -2.635200856614123  -8.760196008063538  -1  -5  -5.598699196215318  -3  -1  -2  -9  -6  -4  4  3  -3.6897686580111957  -9  
-3  -5  -5  -7  9  -5.735056593337768  -8  -5  -2.770160529736433  -3  -8  -8  -9.301085215585623  -7  -4  1.8703270605086828  -4  -9  -2.209121351093592  -3  -6  -8  -5  -9  
-2  1  -1  0  -5.735056593337768  6  2  -3  3  -4  -2  0  -4.151555102750754  -7  -1  -1.9255770425830718  -2  -7  -5.2677475062793775  -3  0  5  -2  -9  
0  -3  1  4  -8  2  5  -1  -1  -3  -5  -1  -4  -8  -2  -1  -2  -9  -5  -3  3  4  -2  -9  
0.14480087378655337  -5  -1  -3.7808912813169684  -5  -3  -1  5  -4  -5  -6  -3  -4  -6  -2  0  -2  -9  -7  -3  -1.3099569634627106  -2  -2  -9  
-3  1  2  -0.8304456056172489  -2.770160529736433  3  -1  -4  7  -4.19046302041703  -3  -2  -4  -3  -1  -2  -3  -4  -1  -3  1  1  -0.20713524435661346  -9  
-2  -3  -3  -2.635200856614123  -3  -4  -3  -5  -4.19046302041703  6  1  -3  1  0  -4  -2.62505358602053  0  -7  -3  3  -3  -3  -2  -9  
-3  -4.25141209009967  -4  -8.760196008063538  -8  -2  -5  -6  -3  1  6  -4  3  0  -4  -1.9503788339740686  -3  -3  -1.0303355770593317  0  -5  -4  -3  -9  
-3  2  1  -1  -8  0  -1  -3  -2  -3  -4  5  0  -7  -0.690703633032929  -1  -1  -8.285451374992059  -6  -4  0  -1  -2  -9  
-2  -1  -4  -5  -9.301085215585623  -4.151555102750754  -4  -4  -4  1  3  0  9  -1  -4  -4.660619914943669  -1  -6  -5  1  -4  -2  -2  -9  
-5  -6  -5  -5.598699196215318  -7  -7  -8  -6  -3  0  0  -7  -1  8  -6  -4  -5  -1  4  -5.630859605570367  -4.144969371613321  -7  -4  -9  
1  -1.2150442710036367  -2  -3  -4  -1  -2  -2  -1  -4  -4  -0.690703633032929  -4  -6  7  0  0.1802236010896845  -7  -7  -3  -3.1036446377949414  -1  -2  -9  
1  -1  -1.4648838758131664  -1  1.8703270605086828  -1.9255770425830718  -1  0  -2  -2.62505358602053  -1.9503788339740686  -1  -4.660619914943669  -4  0  4  2  -3  -4  -2  0  -2  -1  -9  
1  -3  -1.823176356755794  -2  -4  -2  -2  -2  -3  0  -3  -1  -1  -5  0.1802236010896845  2  6.910934640234693  -7  -4  0  -1  -2  -1  -9  
-7  1  -4.679614207268429  -9  -9  -7  -9  -9  -4  -7  -3  -8.285451374992059  -6  -1  -7  -3  -7  12  -2  -9  -6  -8  -6  -9  
-4  -6  -2.1762505232962526  -6  -2.209121351093592  -5.2677475062793775  -5  -7  -1  -3  -1.0303355770593317  -6  -5  4  -7  -4  -4  -2  9  -4  -4  -6  -4  -9  
0  -1.3139181691209705  -3  -4  -3  -3  -3  -3  -3  3  0  -4  1  -5.630859605570367  -3  -2  0  -9  -4  5  -4  -3  -2  -9  
-1  -3  4  4  -6  0  3  -1.3099569634627106  1  -3  -5  0  -4  -4.144969371613321  -3.1036446377949414  0  -1  -6  -4  -4  4  2  -3.1940043774964195  -9  
-1  -1  0  3  -8  5  4  -2  1  -3  -4  -1  -2  -7  -1  -2  -2  -8  -6  -3  2  5  -2  -9  
-1  -2  -1  -3.6897686580111957  -5  -2  -2  -2  -0.20713524435661346  -2  -3  -2  -2  -4  -2  -1  -1  -6  -4  -2  -3.1940043774964195  -2  -2  -9  
-9  -9  -9  -9  -9  -9  -9  -9  -9  -9  -9  -9  -9  -9  -9  -9  -9  -9  -9  -9  -9  -9  -9  1  
