A  R  N  D  C  Q  E  G  H  I  L  K  M  F  P  S  T  W  Y  V  B  Z  X  *  
11.876268497769486  -12.733115337389659  -5.338116771124984  0.7457769549425519  -21.95919372979089  -20.107798858526248  18.828455043871124  1.6765804028066302  14.062381290022504  -6.577139126852705  -41.906622623832185  -5.726287585676262  -1.745823019013109  -1.3569486116431906  14.903808077877784  57.24493421373485  16.795625234116265  -4.420521008539061  11.603215370714487  -19.510232109578894  29.54172391518881  5.854697393711927  -23.655297766796064  -9  
-12.733115337389659  26.07506696538791  20.67449210516382  16.459163279634268  -16.781322713577023  5.333374890855622  -9.131090224837587  -30.699970402908363  -11.093818490387672  18.239549824727696  4.904961247786371  -0.5959542386649066  19.421784206027866  38.209695734581324  -6.225614333397443  -25.594439228137233  -17.139841384818446  -6.717858189338117  -2.9102328013970578  -31.146270498822823  22.492249381320846  31.59750595402194  -2.647495731801113  -9  
-5.338116771124984  20.67449210516382  -18.90053464225148  33.05633828869512  1.2052873949015876  35.723480578171504  3.070939360390996  15.778447516048017  31.695133576151633  14.326163754947473  -5.792855638652681  -8.442244178778848  9.544928926414801  -21.141361871555308  1.6091818939726679  -8.978469082939508  6.654293397042183  -1.4455851495016772  -3.458496361579014  -59.548443933912296  -15.991485434288244  -15.492480444432719  -13.69832901186738  -9  
0.7457769549425519  16.459163279634268  33.05633828869512  -3.155160021743989  -0.7245675858626497  6.359531945789367  3.679112011756021  -0.3424091965848346  -7.377829831223144  -54.84917549908009  39.626374265705415  10.951552075092362  -3.1944811264405386  -31.919752048609187  14.464130059171726  -52.758210632007135  9.416584942053259  -41.17740529673698  -1.710798704187386  -16.90404813621483  7.5871852545857195  5.935964641933258  -1.4523533561146271  -9  
-21.95919372979089  -16.781322713577023  1.2052873949015876  -0.7245675858626497  4.415229374758776  -21.071424394383033  -15.988515420289094  10.184576845673188  1.697595183163628  -43.577780797015585  -14.186611004896088  -6.875754879565981  -30.43812574919268  -54.0432948568164  -20.159978549331917  27.270659831618854  -7.731876581718968  -37.41344015838679  -33.647439752968765  37.714204629777434  -19.036096987788063  -1.6190917235987563  -11.346268773370959  -9  
-20.107798858526248  5.333374890855622  35.723480578171504  6.359531945789367  -21.071424394383033  19.092952263090783  15.895408533678799  -10.41768876542422  -12.47521318750725  60.71023702103862  -18.42049294945088  -13.914964168143744  5.816859828170566  6.70885449023627  -6.494451653083339  1.9065494550798945  -4.648474083476441  23.116644287923773  -29.859823027241386  36.08562310204794  26.56925467680278  32.61323816402097  -0.03790117677044069  -9  
18.828455043871124  -9.131090224837587  3.070939360390996  3.679112011756021  -15.988515420289094  15.895408533678799  -7.082672632724154  -1.8610515452907916  32.230243134482286  18.737838607094073  -1.8490946823399597  39.10663534960179  -5.45421277629925  -27.403357212173947  -11.321957363985263  -29.55408053988341  18.449196586349753  20.534275335338197  -16.495821003754557  -25.99762932159321  -19.848577207235547  4.704420985621338  -46.14695050260205  -9  
1.6765804028066302  -30.699970402908363  15.778447516048017  -0.3424091965848346  10.184576845673188  -10.41768876542422  -1.8610515452907916  2.3878133911472332  -28.31689855171301  -7.312146471575689  15.912481306448317  -2.9331606885899295  -33.99571419638279  -21.646123906275854  -20.056317074362248  25.337257635596504  -7.524193392114438  3.037935091592464  -58.17771669833829  -38.58487859289198  25.599481349077692  -18.892478785809686  -23.04653880419334  -9  
14.062381290022504  -11.093818490387672  31.695133576151633  -7.377829831223144  1.697595183163628  -12.47521318750725  32.230243134482286  -28.31689855171301  -2.366597258302779  -13.342887182386649  -15.962373777651868  -5.7690091551368985  16.557947291965665  -19.686987060938524  -20.61480956711722  21.809055600140255  -5.253923818935714  -42.19709390108281  17.52392529825017  -3.244185064107754  26.73830904526455  30.738043000815633  11.691044566752325  -9  
-6.577139126852705  18.239549824727696  14.326163754947473  -54.84917549908009  -43.577780797015585  60.71023702103862  18.737838607094073  -7.312146471575689  -13.342887182386649  20.738435638336092  0.5333080726802111  -6.008131491841075  -7.723334307553915  1.503025718820047  -27.273370852819475  4.172113977950502  1.950372708595371  -28.43328862196923  -14.330820810931675  4.141282207698925  1.550569618355527  4.303236576382297  -7.704176382469731  -9  
-41.906622623832185  4.904961247786371  -5.792855638652681  39.626374265705415  -14.186611004896088  -18.42049294945088  -1.8490946823399597  15.912481306448317  -15.962373777651868  0.5333080726802111  17.059041979854953  -12.098115170761877  -6.829618443898256  -24.388032692865306  19.24292260840565  2.4590839042064507  -28.83785084924546  -10.594242796910851  9.352319454373507  11.673279828273328  3.6454237760361456  -14.18782805584166  31.158835423695862  -9  
-5.726287585676262  -0.5959542386649066  -8.442244178778848  10.951552075092362  -6.875754879565981  -13.914964168143744  39.10663534960179  -2.9331606885899295  -5.7690091551368985  -6.008131491841075  -12.098115170761877  -2.257827539983741  -15.499403909354669  -7.972284203329708  -31.72207923502556  17.439944900975586  -50.16896622541896  4.3044296077021915  -4.454975778260917  -18.738508186693668  29.617383886533034  9.244380086845892  5.642467911570967  -9  
-1.745823019013109  19.421784206027866  9.544928926414801  -3.1944811264405386  -30.43812574919268  5.816859828170566  -5.45421277629925  -33.99571419638279  16.557947291965665  -7.723334307553915  -6.829618443898256  -15.499403909354669  20.458609845025745  -3.6900145266517885  63.862744273209046  16.72950620908161  -21.4531287254632  3.456094369159766  20.239029181553946  16.40338685020428  15.646213652052339  -8.264487643854245  -45.63375464519345  -9  
-1.3569486116431906  38.209695734581324  -21.141361871555308  -31.919752048609187  -54.0432948568164  6.70885449023627  -27.403357212173947  -21.646123906275854  -19.686987060938524  1.503025718820047  -24.388032692865306  -7.972284203329708  -3.6900145266517885  2.6139412921395766  2.9181031631281176  -29.53270711495602  -28.54032961802546  6.271198372927099  12.738570691746865  43.838761078853715  -48.83751999542625  39.72982020659918  -9.213214692697871  -9  
14.903808077877784  -6.225614333397443  1.6091818939726679  14.464130059171726  -20.159978549331917  -6.494451653083339  -11.321957363985263  -20.056317074362248  -20.61480956711722  -27.273370852819475  19.24292260840565  -31.72207923502556  63.862744273209046  2.9181031631281176  27.38028147443793  -28.89083356090485  -21.327177697849287  -16.274952856171232  16.8941258754969  1.1000845624325692  -8.126678299590555  -16.05956309075297  -25.39803161324054  -9  
57.24493421373485  -25.594439228137233  -8.978469082939508  -52.758210632007135  27.270659831618854  1.9065494550798945  -29.55408053988341  25.337257635596504  21.809055600140255  4.172113977950502  2.4590839042064507  17.439944900975586  16.72950620908161  -29.53270711495602  -28.89083356090485  11.129797750793413  19.249259991444372  -12.538915171076395  41.82639513311574  -20.533212896034872  2.4805759263551432  28.25366892298803  9.887812581909031  -9  
16.795625234116265  -17.139841384818446  6.654293397042183  9.416584942053259  -7.731876581718968  -4.648474083476441  18.449196586349753  -7.524193392114438  -5.253923818935714  1.950372708595371  -28.83785084924546  -50.16896622541896  -21.4531287254632  -28.54032961802546  -21.327177697849287  19.249259991444372  10.51525731130845  -34.42005284956156  -19.612220208861494  7.50197489103199  16.451507869353375  -1.7232229155031076  15.239812501093763  -9  
-4.420521008539061  -6.717858189338117  -1.4455851495016772  -41.17740529673698  -37.41344015838679  23.116644287923773  20.534275335338197  3.037935091592464  -42.19709390108281  -28.43328862196923  -10.594242796910851  4.3044296077021915  3.456094369159766  6.271198372927099  -16.274952856171232  -12.538915171076395  -34.42005284956156  11.453860430163523  26.117057153044776  3.3872477492458177  -5.183222721550659  -39.60745226158546  -19.17722930563162  -9  
11.603215370714487  -2.9102328013970578  -3.458496361579014  -1.710798704187386  -33.647439752968765  -29.859823027241386  -16.495821003754557  -58.17771669833829  17.52392529825017  -14.330820810931675  9.352319454373507  -4.454975778260917  20.239029181553946  12.738570691746865  16.8941258754969  41.82639513311574  -19.612220208861494  26.117057153044776  26.718310487171376  -10.029879042055047  -16.525239105049305  -63.215745074983445  16.42715969629529  -9  
-19.510232109578894  -31.146270498822823  -59.548443933912296  -16.90404813621483  37.714204629777434  36.08562310204794  -25.99762932159321  -38.58487859289198  -3.244185064107754  4.141282207698925  11.673279828273328  -18.738508186693668  16.40338685020428  43.838761078853715  1.1000845624325692  -20.533212896034872  7.50197489103199  3.3872477492458177  -10.029879042055047  -8.545588733624887  -24.549842719827353  46.216468257253  -17.62189887679999  -9  
29.54172391518881  22.492249381320846  -15.991485434288244  7.5871852545857195  -19.036096987788063  26.56925467680278  -19.848577207235547  25.599481349077692  26.73830904526455  1.550569618355527  3.6454237760361456  29.617383886533034  15.646213652052339  -48.83751999542625  -8.126678299590555  2.4805759263551432  16.451507869353375  -5.183222721550659  -16.525239105049305  -24.549842719827353  -11.746659195670091  -34.40926572390546  34.456398621683675  -9  
5.854697393711927  31.59750595402194  -15.492480444432719  5.935964641933258  -1.6190917235987563  32.61323816402097  4.704420985621338  -18.892478785809686  30.738043000815633  4.303236576382297  -14.18782805584166  9.244380086845892  -8.264487643854245  39.72982020659918  -16.05956309075297  28.25366892298803  -1.7232229155031076  -39.60745226158546  -63.215745074983445  46.216468257253  -34.40926572390546  13.216424617595424  -75.0055718511148  -9  
-23.655297766796064  -2.647495731801113  -13.69832901186738  -1.4523533561146271  -11.346268773370959  -0.03790117677044069  -46.14695050260205  -23.04653880419334  11.691044566752325  -7.704176382469731  31.158835423695862  5.642467911570967  -45.63375464519345  -9.213214692697871  -25.39803161324054  9.887812581909031  15.239812501093763  -19.17722930563162  16.42715969629529  -17.62189887679999  34.456398621683675  -75.0055718511148  -30.815827855991685  -9  
-9  -9  -9  -9  -9  -9  -9  -9  -9  -9  -9  -9  -9  -9  -9  -9  -9  -9  -9  -9  -9  -9  -9  1  
