A  R  N  D  C  Q  E  G  H  I  L  K  M  F  P  S  T  W  Y  V  B  Z  X  *  
4  -3  -1  -1  -3  -2  0  1  -3  -2  -3  -3  -2  -5  1  1  1  -7  -4  0  -1  -1  -1  -9  
-3  7  -2  -4  -5  1  -3  -5  1  -3  -5  2  -1  -6  -1  -1  -3  1  -6  -4  -3  -1  -2  -9  
-1  -2  5  3  -5  -1  1  -1  2  -3.501539558024375  -4  1  -4  -5  -2  3.085864194820115  0  -6.116722250291895  -0.6989544855197147  -3  4  0  -2.3879310639159037  -9  
-1  -4  3  5  -9.043948833772314  0.8214699932973741  4  -1  -1  -4  -6  -1  -5  -8  -3  -1  -2  -9  -6  -4  4  3  -2  -9  
-3  -5  -5  -9.043948833772314  9  -8  -8  -5  -4  -3  -6.890033753243821  -8  -7  -7  -4  -1  -4  -9  1.6568038116397996  -3  -6  -8  -5  -9  
-2  1  -1  0.8214699932973741  -8  6  2  -3  3  -6.636584944205216  -2  0  -2  -7  -1  -2  -2  -7  -6  -3  0  7.300707420067895  -2  -9  
0  -3  1  4  -8  2  5  -1  -1  -3  -5  -1  -4  -8  -2  -1  -2  -10.097514724566153  -5  -3  3  4  -2  -9  
1  -5  -1  -1  -5  -3  -1  5  -4  -5  -6  -3  -4  -6  -2  0  -2  -9  -7  -3  -1  -2  -2  -9  
-3  1  2  -1  -4  3  -1  -4  7  -4  -3  -2  -4.063997662609727  -3  -1  -2  -3  -4  -1  -3  1  1  -2  -9  
-2  -3  -3.501539558024375  -4  -3  -6.636584944205216  -3  -5  -4  6  1  -3  1  0  -4  -3  0  -7  -3  3  -3  -3  -2  -9  
-3  -5  -4  -6  -6.890033753243821  -2  -5  -6  -3  1  6  -4  3  0  -4  -3.5146668151340403  -3  -3  -3  0  -5  -4  -3  -9  
-3  2  1  -1  -8  0  -1  -3  -2  -3  -4  5  0.2814387652520258  -7  -3  -1  -1  -6  -6  -4  0  -1  -2  -9  
-2  -1  -4  -5  -7  -2  -4  -4  -4.063997662609727  1  3  0.2814387652520258  9  -0.7987132928982157  -4  -3  -1  -6  -5  1  -4  -2  -1.844175450946369  -9  
-5  -6  -5  -8  -7  -7  -8  -6  -3  0  0  -7  -0.7987132928982157  8  -6  -4  -5  0.15499914738353526  4  -3  -6  -7  -5.871303439913359  -9  
1  -1  -2  -3  -4  -1  -2  -2  -1  -4  -4  -3  -4  -6  7  0  -2.6942119888978056  -7  -7  -0.28524744588361317  -3  -1  -2  -9  
1  -1  3.085864194820115  -1  -1  -2  -1  0  -2  -3  -3.5146668151340403  -1  -3  -4  0  4  2  -3  -3.4644804805528757  -2  0  -2  -1  -9  
1  -3  0  -2  -4  -2  -2  -2  -3  0  -3  -1  -1  -5  -2.6942119888978056  2  5  -7  -4  0  -1  -4.310400955400612  -1  -9  
-7  1  -6.116722250291895  -9  -9  -7  -10.097514724566153  -9  -4  -7  -3  -6  -6  0.15499914738353526  -7  -3  -7  12  -2  -9  -6  -8  -6  -9  
-4  -6  -0.6989544855197147  -6  1.6568038116397996  -6  -5  -7  -1  -3  -3  -6  -5  4  -7  -3.4644804805528757  -4  -2  9  -4.520200059312294  -4  -6  -4  -9  
0  -4  -3  -4  -3  -3  -3  -3  -3  3  0  -4  1  -3  -0.28524744588361317  -2  0  -9  -4.520200059312294  2.8619695108373016  -4  -3  -2  -9  
-1  -3  4  4  -6  0  3  -1  1  -3  -5  0  -4  -6  -3  0  -1  -6  -4  -4  4  2  -2  -9  
-1  -1  0  3  -8  7.300707420067895  4  -2  1  -3  -4  -1  -2  -7  -1  -2  -4.310400955400612  -8  -6  -3  2  5  -2  -9  
-1  -2  -2.3879310639159037  -2  -5  -2  -2  -2  -2  -2  -3  -2  -1.844175450946369  -5.871303439913359  -2  -1  -1  -6  -4  -2  -2  -2  -2  -9  
-9  -9  -9  -9  -9  -9  -9  -9  -9  -9  -9  -9  -9  -9  -9  -9  -9  -9  -9  -9  -9  -9  -9  1  
