A  R  N  D  C  Q  E  G  H  I  L  K  M  F  P  S  T  W  Y  V  B  Z  X  *  
4  -4.861619416296751  -1  -1.4967601831203101  -3  -2  0  1  -3  -2  -3  -3  -2  -0.3370242196025859  1  1  1  -7.3209938472089675  -4  -2.559526719899976  -1  -1  -1  -9  
-4.861619416296751  7  -2  -4  -5  1  -3  -5  1  -3  -5  2  -1  -6  -1  -1  -4.328140430706387  1  -6  -4  -3  -2.234420062353001  -2  -9  
-1  -2  5  3  -5  -1  1  -1  2  -3  -4  -0.9809089524055707  -4  -5  -3.382166109590897  1  0  -5  -2  -3  3.7478426770979416  0  -1  -9  
-1.4967601831203101  -4  3  5  -7  0.32287024870427405  4  -1  -1  -4  -6  -1  -5  -8  -1.6556571739471582  -1.9482348698457383  -2  -9  -8.530169058449813  -4  4  3  -2  -9  
-3  -5  -5  -7  9  -8  -8  -5  -4  -3  -8  -8  -5.450316247576696  -7  -4  -1  -4  -9  -1  -3  -6  -8  -5  -9  
-2  1  -1  0.32287024870427405  -8  6  2  -3  3  -4  -2.3848061288342444  0  -2  -7  -0.21820606784127872  -2  -2  -8.470386297827385  -6  -3  1.378051015709856  5  -2  -9  
0  -3  1  4  -8  2  5  -1  -2.1195853442549524  -3  -5  -1  -4  -8  -2  -1  0.6094208292429761  -9.672153094232648  -5  -3  3  4  -2  -9  
1  -5  -1  -1  -5  -3  -1  5  -4.671300631928253  -6.991328072802007  -6  -3  -4  -6  0.8103447073578107  -0.6852310061595066  -2  -8.258777087630945  -6.211025686782911  -3  2.6499248269566573  -2  -2  -9  
-3  1  2  -1  -4  3  -2.1195853442549524  -4.671300631928253  7  -4  -3  -2  -4  -3  -1  -2  -3  -4  -1  -3  1  1  -2  -9  
-2  -3  -3  -4  -3  -4  -3  -6.991328072802007  -4  6  1  -3  1  0  -4  -3  0  -9.939023757614123  -3  3  -3  -3  -1.527240991747509  -9  
-3  -5  -4  -6  -8  -2.3848061288342444  -5  -6  -3  1  3.151768451984996  -4  3  0  0.2554787741321982  -5.028227765754845  -3  -3  -3  0  -5  -4  -3  -9  
-3  2  -0.9809089524055707  -1  -8  0  -1  -3  -2  -3  -4  5  0  -7  -3  -0.0589598773526836  -1  -6  -6  -4  0  -1  -2  -9  
-2  -1  -4  -5  -5.450316247576696  -2  -4  -4  -4  1  3  0  9  -1  -4  -3.441342368490517  -1  -6  -5  0.7727759098732507  -4  -2  -2  -9  
-0.3370242196025859  -6  -5  -8  -7  -7  -8  -6  -3  0  0  -7  -1  8  -6  -4  -5  -1  4  -3  -6  -7  -4  -9  
1  -1  -3.382166109590897  -1.6556571739471582  -4  -0.21820606784127872  -2  0.8103447073578107  -1  -4  0.2554787741321982  -3  -4  -6  7  0  -1  -7  -7  -2.3249888280569673  -3  -1  -2  -9  
1  -1  1  -1.9482348698457383  -1  -2  -1  -0.6852310061595066  -2  -3  -5.028227765754845  -0.0589598773526836  -3.441342368490517  -4  0  4  2  -3  -4  -1.286727040043473  0  -2  -1  -9  
1  -4.328140430706387  0  -2  -4  -2  0.6094208292429761  -2  -3  0  -3  -1  -1  -5  -1  2  5  -7  -4  0  -1  -2  -1  -9  
-7.3209938472089675  1  -5  -9  -9  -8.470386297827385  -9.672153094232648  -8.258777087630945  -4  -9.939023757614123  -3  -6  -6  -1  -7  -3  -7  12  -2  -9.882572791606307  -6  -8  -6  -9  
-4  -6  -2  -8.530169058449813  -1  -6  -5  -6.211025686782911  -1  -3  -3  -6  -5  4  -7  -4  -4  -2  9  -4  -4  -6  -4  -9  
-2.559526719899976  -4  -3  -4  -3  -3  -3  -3  -3  3  0  -4  0.7727759098732507  -3  -2.3249888280569673  -1.286727040043473  0  -9.882572791606307  -4  5  -4  -3  -2  -9  
-1  -3  3.7478426770979416  4  -6  1.378051015709856  3  2.6499248269566573  1  -3  -5  0  -4  -6  -3  0  -1  -6  -4  -4  4  2.5824861375018604  -2  -9  
-1  -2.234420062353001  0  3  -8  5  4  -2  1  -3  -4  -1  -2  -7  -1  -2  -2  -8  -6  -3  2.5824861375018604  5  -2  -9  
-1  -2  -1  -2  -5  -2  -2  -2  -2  -1.527240991747509  -3  -2  -2  -4  -2  -1  -1  -6  -4  -2  -2  -2  -2  -9  
-9  -9  -9  -9  -9  -9  -9  -9  -9  -9  -9  -9  -9  -9  -9  -9  -9  -9  -9  -9  -9  -9  -9  1  
