A  R  N  D  C  Q  E  G  H  I  L  K  M  F  P  S  T  W  Y  V  B  Z  X  *  
4  -3  -1  -1  -4.463508012267595  -2  -2.330920219200353  1  -3  -2  -3  -3  -2  -5  1  1  1  -7  -4  0  -1  -1  -1  -9  
-3  7  -2  -4  -5  1  -3  -5  1  -3  -3.381954339708612  2  -1  -6  -1  -1  -3  1  -6  -4  -3  -1  -3.585807371857137  -9  
-1  -2  5  3  -5  -1  1  -1  1.1485761450656673  -5.96175559661293  -4  1  -4  -5  -2  1  0  -5  -4.579004934653991  -3  4  0  -1  -9  
-1  -4  3  5  -7  0  4  1.3640422705100537  -1  -4  -6  -1  -5  -8  -3  -1  -2  -9  -6  -4  4  5.228624411043413  -2  -9  
-4.463508012267595  -5  -5  -7  9  -8  -8  -5  -4  -3  -8  -8  -7  -7  -4  -1  -4  -9  -1  -3  -6  -8  -5  -9  
-2  1  -1  0  -8  6  2  -4.664582763817677  3  -4  -2  -2.0790495950006456  -2.490255302753705  -7  -1  -2  1.9396419105965816  -7  -6  -3  0  4.651614990640531  -2  -9  
-2.330920219200353  -3  1  4  -8  2  5  -1  -1  -3  -5  -1  -4  -8  -2  -1  -2  -9  -5  -3  3  4  -2  -9  
1  -5  -1  1.3640422705100537  -5  -4.664582763817677  -1  5  -4  -5  -6  -3  -4  -6  -2  2.358547859104643  -2  -9  -7  -3  -1  -2  -2  -9  
-3  1  1.1485761450656673  -1  -4  3  -1  -4  7  -4  -3  -2  -4  -3  -1  -2  -3  -4  -1  -3  1  1  -2  -9  
-2  -3  -5.96175559661293  -4  -3  -4  -3  -5  -4  6  1  -3  1  0  -4  -3  0  -7  -3  2.905134297557981  -3  -3  -2  -9  
-3  -3.381954339708612  -4  -6  -8  -2  -5  -6  -3  1  6  -4  3  0  -4  -1.919537201126153  -3  -0.19028006206885895  -3  0  -5  -4  -3  -9  
-3  2  1  -1  -8  -2.0790495950006456  -1  -3  -2  -3  -4  5  0  -7  -3  -1  -1  -6  -6  -4  0  -1  -2  -9  
-2  -1  -4  -5  -7  -2.490255302753705  -4  -4  -4  1  3  0  9  -1  -1.0915777380895568  -3  -1  -6  -5  1.1153234888085297  -4  1.1039403042161693  -2  -9  
-5  -6  -5  -8  -7  -7  -8  -6  -3  0  0  -7  -1  8  -6  -4  -5  -1  4  -3  -6  -7  -4  -9  
1  -1  -2  -3  -4  -1  -2  -2  -1  -4  -4  -3  -1.0915777380895568  -6  7  0  -1  -7  -6.557042300376004  -3  -3  -1  -2  -9  
1  -1  1  -1  -1  -2  -1  2.358547859104643  -2  -3  -1.919537201126153  -1  -3  -4  0  4  2  -3  -4  -2  0  -2  -1  -9  
1  -3  0  -2  -4  1.9396419105965816  -2  -2  -3  0  -3  -1  -1  -5  -1  2  5  -7  -4  0  -1  -2  -1  -9  
-7  1  -5  -9  -9  -7  -9  -9  -4  -7  -0.19028006206885895  -6  -6  -1  -7  -3  -7  12  -1.880640316873715  -9  -5.9168776756001344  -9.604124317410427  -6  -9  
-4  -6  -4.579004934653991  -6  -1  -6  -5  -7  -1  -3  -3  -6  -5  4  -6.557042300376004  -4  -4  -1.880640316873715  9  -4  -4  -6  -4  -9  
0  -4  -3  -4  -3  -3  -3  -3  -3  2.905134297557981  0  -4  1.1153234888085297  -3  -3  -2  0  -9  -4  5  -4  -3  -2  -9  
-1  -3  4  4  -6  0  3  -1  1  -3  -5  0  -4  -6  -3  0  -1  -5.9168776756001344  -4  -4  4  2  -2  -9  
-1  -1  0  5.228624411043413  -8  4.651614990640531  4  -2  1  -3  -4  -1  1.1039403042161693  -7  -1  -2  -2  -9.604124317410427  -6  -3  2  5  -2  -9  
-1  -3.585807371857137  -1  -2  -5  -2  -2  -2  -2  -2  -3  -2  -2  -4  -2  -1  -1  -6  -4  -2  -2  -2  0.706657813313766  -9  
-9  -9  -9  -9  -9  -9  -9  -9  -9  -9  -9  -9  -9  -9  -9  -9  -9  -9  -9  -9  -9  -9  -9  1  
