A  R  N  D  C  Q  E  G  H  I  L  K  M  F  P  S  T  W  Y  V  B  Z  X  *  
4  -3  -1  -1  -3  -2  0  2.69303159667024  -3  -2  -3  -3  -2  -5  1  2.5120331835536622  1  -7  -4  0  -1  -1  -1  -9  
-3  7  -2  -4  -5  1  -3  -5  1  -3  -5  2  -1.0909964328246176  -6  -1  -1  -3  1  -6  -4  -2.4446946932126297  -1.9145601161908017  -2  -9  
-1  -2  7.220417300649869  3  -5  -1  1  -1  2  -3  -4  1  -4  -5  -2  1  0  -3.410924099272325  -2  -3  2.82879457038593  0  -1  -9  
-1  -4  3  5  -7  0  3.5003555380719034  -1  -0.9614848374087277  -4  -6  -1  -5  -8  -3  -1  -2  -9  -7.213804115975034  -4  3.400199548294621  3  -2  -9  
-3  -5  -5  -7  9  -8  -10.21234965980932  -5  -4  -3  -5.0144204005613755  -8  -7  -7  -4  -3.4886102112785373  -4  -9  -1  -3  -6  -8  -5  -9  
-2  1  -1  0  -8  6  2  -3  3  -4  -2  0  -2  -7  -1  -2  -2  -7  -5.784288341638441  -3  0  5  0.821152996899392  -9  
0  -3  1  3.5003555380719034  -10.21234965980932  2  5.272933978563463  -1  -1  -3  -5  -1.1487110305436161  -4  -8  -2  -1  -2  -9  -5  -3  3  4  -1.5653714268513639  -9  
2.69303159667024  -5  -1  -1  -5  -3  -1  5  -4  -5  -6  -3  -4  -6  -2.4864792854436875  0  -4.139411965069268  -9  -7  -3  -1  -2  -2  -9  
-3  1  2  -0.9614848374087277  -4  3  -1  -4  7  -6.72160203192831  -3  -2  -4  -3  -1  -3.7310870159234506  -3  -4  -1  -3  0.9504340597419141  1  -2  -9  
-2  -3  -3  -4  -3  -4  -3  -5  -6.72160203192831  6  1  -1.3157800622138736  1  0  -3.472160830704467  -3  -0.012764396857293914  -4.3187872457066465  -3  3  -4.083844790971263  -3  -2  -9  
-3  -5  -4  -6  -5.0144204005613755  -2  -5  -6  -3  1  6  -4  3  -1.8659591417494266  -4  -4  -3  -3  -3  0  -5  -4  -5.743712751918837  -9  
-3  2  1  -1  -8  0  -1.1487110305436161  -3  -2  -1.3157800622138736  -4  5  0  -7  -3  -1  -1  -6  -6  -6.791831262378749  0  -1  -2  -9  
-2  -1.0909964328246176  -4  -5  -7  -2  -4  -4  -4  1  3  0  9  -1  -4  -3  -1  -6  -5  1  -4  -2  -3.926888668331844  -9  
-5  -6  -5  -8  -7  -7  -8  -6  -3  0  -1.8659591417494266  -7  -1  8  -6  -4  -5  1.6922557616482208  4  -3  -6  -7  -4  -9  
1  -1  -2  -3  -4  -1  -2  -2.4864792854436875  -1  -3.472160830704467  -4  -3  -4  -6  7  0  -3.779321013352644  -7  -7  -3  -3  -1  0.41489954873227064  -9  
2.5120331835536622  -1  1  -1  -3.4886102112785373  -2  -1  0  -3.7310870159234506  -3  -4  -1  -3  -4  0  4  2.188976788940261  -3  -4  -2  0  -2  -1  -9  
1  -3  0  -2  -4  -2  -2  -4.139411965069268  -3  -0.012764396857293914  -3  -1  -1  -5  -3.779321013352644  2.188976788940261  5  -7  -4  0  -1  -2  -1  -9  
-7  1  -3.410924099272325  -9  -9  -7  -9  -9  -4  -4.3187872457066465  -3  -6  -6  1.6922557616482208  -7  -3  -7  12  -2  -9  -6  -8  -6  -9  
-4  -6  -2  -7.213804115975034  -1  -5.784288341638441  -5  -7  -1  -3  -3  -6  -5  4  -7  -4  -4  -2  9  -4  -6.35147000358186  -6  -4  -9  
0  -4  -3  -4  -3  -3  -3  -3  -3  3  0  -6.791831262378749  1  -3  -3  -2  0  -9  -4  5  -4  -3  -0.6805285345054666  -9  
-1  -2.4446946932126297  2.82879457038593  3.400199548294621  -6  0  3  -1  0.9504340597419141  -4.083844790971263  -5  0  -4  -6  -3  0  -1  -6  -6.35147000358186  -4  4  2  -2  -9  
-1  -1.9145601161908017  0  3  -8  5  4  -2  1  -3  -4  -1  -2  -7  -1  -2  -2  -8  -6  -3  2  5  -2  -9  
-1  -2  -1  -2  -5  0.821152996899392  -1.5653714268513639  -2  -2  -2  -5.743712751918837  -2  -3.926888668331844  -4  0.41489954873227064  -1  -1  -6  -4  -0.6805285345054666  -2  -2  -2  -9  
-9  -9  -9  -9  -9  -9  -9  -9  -9  -9  -9  -9  -9  -9  -9  -9  -9  -9  -9  -9  -9  -9  -9  1  
