A  R  N  D  C  Q  E  G  H  I  L  K  M  F  P  S  T  W  Y  V  B  Z  X  *  
4  -3  -1  -1  -3  -2  0  1  -3  -2  -5.483548608656418  -3  -2  -5  1  2.94877063886858  1  -7  -4  0  1.554226901029689  -1  1.3558707504740513  -9  
-3  7  -2  -4  -5  1  -3  -5.88939944260191  1  -3  -3.110751536814716  2  -1.459737854961674  -3.5791416847411095  2.1141628236693966  -1  -3  1.8446319043285806  -6  -4  -3  -1  -2  -9  
-1  -2  5  3.2925531332908466  -5  -1  1  -0.6407588584303738  1.2819665645178047  -2.127782026342262  -4  1  -4  -5  -2  0.5136560714054776  0  -5  -2  -3  4  0  1.018991991455087  -9  
-1  -4  3.2925531332908466  5  -7  0  4  -1  -1  -4  -6  -1  -7.894239160397095  -7.35976388513035  -3  -2.8161486403577562  -2  -9  -4.5749237019635896  -4  3.551184396231414  0.3921830845956773  -0.22011702064670957  -9  
-3  -5  -5  -7  9  -8  -8  -5  -4  -3  -10.68246332293337  -8  -7  -7  -4  -1  -4  -9.042681774639856  -3.671040486578643  -3  -8.71608340893973  -8  -5  -9  
-2  1  -1  0  -8  6  2  -3  3  -4  -2.113826765054802  0  -2  -7  -1  -2  -2  -7  -6  -3  0  5  -2  -9  
0  -3  1  4  -8  2  5  -1  -1  -3  -5  -1  -4  -5.149652262752416  -2  -1.5635399492498472  -2  -9  -5  -3  3  4  -2  -9  
1  -5.88939944260191  -0.6407588584303738  -1  -5  -3  -1  5  -4.6260513265106855  -5  -6  -3  -4  -6.31835813786404  -2  0  -2.4140898191099067  -10.141042649155224  -6.687146306258898  -3  -1  -2  -2  -9  
-3  1  1.2819665645178047  -1  -4  3  -1  -4.6260513265106855  7  -4  -3  -2  -4  -3  -1  -4.60749707449423  -3  -4  -1  -3  1  1  -2  -9  
-2  -3  -2.127782026342262  -4  -3  -4  -3  -5  -4  6.33454677325136  1  -3  -0.04826356765994788  0  -4  -3  0  -5.611676635626522  -3  3  -3  -3  -2  -9  
-5.483548608656418  -3.110751536814716  -4  -6  -10.68246332293337  -2.113826765054802  -5  -6  -3  1  6  -4  3.17555892233574  0  -4  -4  -3  -3  -3  0  -4.623918663456193  -4.56124532970401  -3  -9  
-3  2  1  -1  -8  0  -1  -3  -2  -3  -4  5  0  -7.503238380765032  -3  -2.051210150850922  -1  -6  -6  -4  2.6300208802679244  -1  -2  -9  
-2  -1.459737854961674  -4  -7.894239160397095  -7  -2  -4  -4  -4  -0.04826356765994788  3.17555892233574  0  9  -1  -1.5811805153773306  -3  -1  -7.010924698809545  -7.4539625568771894  1.0798192475948287  -4  -2  -2  -9  
-5  -3.5791416847411095  -5  -7.35976388513035  -7  -7  -5.149652262752416  -6.31835813786404  -3  0  0  -7.503238380765032  -1  8  -6  -4  -5  1.8272336292222142  4  -3  -6  -7  -4.6421645237911875  -9  
1  2.1141628236693966  -2  -3  -4  -1  -2  -2  -1  -4  -4  -3  -1.5811805153773306  -6  7  0  -1  -9.998829320138707  -7  -1.3096277315489182  -4.7094132359200245  -0.9125002927255847  -2  -9  
2.94877063886858  -1  0.5136560714054776  -2.8161486403577562  -1  -2  -1.5635399492498472  0  -4.60749707449423  -3  -4  -2.051210150850922  -3  -4  0  4  2  -3  -4  -2  0  0.8081803729246595  -1  -9  
1  -3  0  -2  -4  -2  -2  -2.4140898191099067  -3  0  -3  -1  -1  -5  -1  2  5  -7  -6.9940037739802765  0  -1  -2  -0.06811124525068646  -9  
-7  1.8446319043285806  -5  -9  -9.042681774639856  -7  -9  -10.141042649155224  -4  -5.611676635626522  -3  -6  -7.010924698809545  1.8272336292222142  -9.998829320138707  -3  -7  12  -2  -10.59667618728081  -6  -7.484665307178155  -6  -9  
-4  -6  -2  -4.5749237019635896  -3.671040486578643  -6  -5  -6.687146306258898  -1  -3  -3  -6  -7.4539625568771894  4  -7  -4  -6.9940037739802765  -2  9  -4  -4  -6  -3.606848745146049  -9  
0  -4  -3  -4  -3  -3  -3  -3  -3  3  0  -4  1.0798192475948287  -3  -1.3096277315489182  -2  0  -10.59667618728081  -4  5  -4  -3  -2  -9  
1.554226901029689  -3  4  3.551184396231414  -8.71608340893973  0  3  -1  1  -3  -4.623918663456193  2.6300208802679244  -4  -6  -4.7094132359200245  0  -1  -6  -4  -4  4  2  -2  -9  
-1  -1  0  0.3921830845956773  -8  5  4  -2  1  -3  -4.56124532970401  -1  -2  -7  -0.9125002927255847  0.8081803729246595  -2  -7.484665307178155  -6  -3  2  5  -2.650957595597704  -9  
1.3558707504740513  -2  1.018991991455087  -0.22011702064670957  -5  -2  -2  -2  -2  -2  -3  -2  -2  -4.6421645237911875  -2  -1  -0.06811124525068646  -6  -3.606848745146049  -2  -2  -2.650957595597704  -2  -9  
-9  -9  -9  -9  -9  -9  -9  -9  -9  -9  -9  -9  -9  -9  -9  -9  -9  -9  -9  -9  -9  -9  -9  1  
