A  R  N  D  C  Q  E  G  H  I  L  K  M  F  P  S  T  W  Y  V  B  Z  X  *  
4  -5.78262172489  -1  -2.56840782256  -3  -2.3249115637  -1.19805740059  2.58855776493  -2.40020733032  -1.76430699003  -3  -3  -5.65289404793  -3.28439919323  -0.666108037335  1  1  -5.46909193411  -1.35686280787  1.61359535898  -9.07894109067  1.61853834269  -2.98898390671  -9  
-5.78262172489  7  -2.04454561192  -2.50654327782  -6.95148835462  1  -3  -6.83991399608  1.65507785271  -3.93934914946  -2.73127990993  4.7891601656  0.0978504931976  -5.85237053593  -3.62956222626  0.10960491294  -4.44099084432  0.293197471978  -6  -4  -3  -3.10707770047  0.0499346355566  -9  
-1  -2.04454561192  5  3  -3.71934168068  -0.678363670226  1  1.97694882919  2  -1.76648115156  -2.03255605648  1  -4  -6.4720676112  1.36873351621  0.0829837525287  2.84896280947  -6.42850770393  -4.30036681187  -3.04667299491  9.21677817499  -1.60467150088  1.80773789891  -9  
-2.56840782256  -2.50654327782  3  5  -7  0  6.08740753324  0.388227265015  -2.32109009061  -4  -7.70812369058  0.260024254036  -8.86015409478  -10.5863102792  -3  2.54721155241  -1.76193510936  -9  -4.55918951348  -2.14146318267  4.53944162944  3  -0.242759211542  -9  
-3  -6.95148835462  -3.71934168068  -7  9  -10.3462233486  -8.14570791517  -4.64409332019  -4  -3  -9.67578178608  -9.16902409599  -7  -4.28651600616  -6.95815410423  -2.98622294204  -2.00186397763  -9  0.947023647176  -1.60042877417  -7.50275670799  -10.6710811907  -7.012969489  -9  
-2.3249115637  1  -0.678363670226  0  -10.3462233486  5.23755752696  2  -0.350958194336  3.05073619432  -5.49300719763  -1.6039084505  0.607360957131  -3.60129567596  -7  -1  -2  -0.63459376311  -7  -4.79746948469  -3  -0.812906113604  3.51088087072  -1.62557009566  -9  
-1.19805740059  -3  1  6.08740753324  -8.14570791517  2  7.87588033926  -2.3569006425  -1  -7.84337620334  -8.11913708827  -4.37681644971  -4  -5.6943758205  -1.70824891275  2.89508545564  -0.881764243623  -10.368848978  -5  -5.35680688678  4.58026174385  -0.11323088203  -3.99155572082  -9  
2.58855776493  -6.83991399608  1.97694882919  0.388227265015  -4.64409332019  -0.350958194336  -2.3569006425  5  -2.39119161648  -7.74109475346  -4.83036167991  -4.73773325775  -1.9475645404  -6  -3.32950519776  -0.0743766558728  -2  -9.05272093837  -7.38658523354  -3  -1  -2  -1.22926955874  -9  
-2.40020733032  1.65507785271  2  -2.32109009061  -4  3.05073619432  -1  -2.39119161648  7  -4  -4.92853257204  -2  -2.86534843461  -3  -2.33679875605  0.122621463257  -6.40823126895  -9.49387624037  -1.46476463422  -4.9350003828  0.202613345231  1.93583707523  1.61362987994  -9  
-1.76430699003  -3.93934914946  -1.76648115156  -4  -3  -5.49300719763  -7.84337620334  -7.74109475346  -4  6  1.3390480421  -2.28891507836  -0.0666959288247  0  -1.23554661709  -6.09519162038  -0.156659554966  -4.72236831263  -1.15987453825  3  -1.48474029892  -8.05463872115  -1.58538334378  -9  
-3  -2.73127990993  -2.03255605648  -7.70812369058  -9.67578178608  -1.6039084505  -8.11913708827  -4.83036167991  -4.92853257204  1.3390480421  6  -6.88762489827  3  -2.5405171542  -4  -4  -3  -4.71187970331  -9.11821002375  0.951838240777  -5.95592552899  -4.33167315567  -3  -9  
-3  4.7891601656  1  0.260024254036  -9.16902409599  0.607360957131  -4.37681644971  -4.73773325775  -2  -2.28891507836  -6.88762489827  4.92951005882  -0.594970572676  -5.72152061208  -4.69885993351  -1  -3.15618428857  -8.10753715501  -6  -4  0.161403395602  -0.0227105365335  -1.54053719329  -9  
-5.65289404793  0.0978504931976  -4  -8.86015409478  -7  -3.60129567596  -4  -1.9475645404  -2.86534843461  -0.0666959288247  3  -0.594970572676  9  -3.7539886413  -6.40039009093  -3  0.865701818075  -7.04288543715  -8.12191666664  3.80261526222  -4  -2  -3.98653715911  -9  
-3.28439919323  -5.85237053593  -6.4720676112  -10.5863102792  -4.28651600616  -7  -5.6943758205  -6  -3  0  -2.5405171542  -5.72152061208  -3.7539886413  8  -6.36377627655  -4  -5  -1  4  -3  -10.9607388122  -7.97492757496  2.83710235139  -9  
-0.666108037335  -3.62956222626  1.36873351621  -3  -6.95815410423  -1  -1.70824891275  -3.32950519776  -2.33679875605  -1.23554661709  -4  -4.69885993351  -6.40039009093  -6.36377627655  5.71023242985  0  0.053223879423  -3.12577860956  -7.77840798473  -4.50001832666  -0.708052300173  -1  1.22298525565  -9  
1  0.10960491294  0.0829837525287  2.54721155241  -2.98622294204  -2  2.89508545564  -0.0743766558728  0.122621463257  -6.09519162038  -4  -1  -3  -4  0  4  1.83628537346  -1.7060348854  -5.99485435824  -0.881321416753  1.24163121461  -4.85177216583  1.79736941722  -9  
1  -4.44099084432  2.84896280947  -1.76193510936  -2.00186397763  -0.63459376311  -0.881764243623  -2  -6.40823126895  -0.156659554966  -3  -3.15618428857  0.865701818075  -5  0.053223879423  1.83628537346  5  -7.76859945564  -1.16035316678  0  -3.45101747099  -0.12223047082  -3.03708222433  -9  
-5.46909193411  0.293197471978  -6.42850770393  -9  -9  -7  -10.368848978  -9.05272093837  -9.49387624037  -4.72236831263  -4.71187970331  -8.10753715501  -7.04288543715  -1  -3.12577860956  -1.7060348854  -7.76859945564  12  0.224878322891  -6.50035054772  -6  -8  -2.34940583385  -9  
-1.35686280787  -6  -4.30036681187  -4.55918951348  0.947023647176  -4.79746948469  -5  -7.38658523354  -1.46476463422  -1.15987453825  -9.11821002375  -6  -8.12191666664  4  -7.77840798473  -5.99485435824  -1.16035316678  0.224878322891  9  -4.72579687967  -4.56054645423  -6.19007215592  -4.15409308086  -9  
1.61359535898  -4  -3.04667299491  -2.14146318267  -1.60042877417  -3  -5.35680688678  -3  -4.9350003828  3  0.951838240777  -4  3.80261526222  -3  -4.50001832666  -0.881321416753  0  -6.50035054772  -4.72579687967  5  -4.33760231819  -3  -5.22863326526  -9  
-9.07894109067  -3  9.21677817499  4.53944162944  -7.50275670799  -0.812906113604  4.58026174385  -1  0.202613345231  -1.48474029892  -5.95592552899  0.161403395602  -4  -10.9607388122  -0.708052300173  1.24163121461  -3.45101747099  -6  -4.56054645423  -4.33760231819  4  1.96704532805  0.888499861662  -9  
1.61853834269  -3.10707770047  -1.60467150088  3  -10.6710811907  3.51088087072  -0.11323088203  -2  1.93583707523  -8.05463872115  -4.33167315567  -0.0227105365335  -2  -7.97492757496  -1  -4.85177216583  -0.12223047082  -8  -6.19007215592  -3  1.96704532805  7.29558099349  -2  -9  
-2.98898390671  0.0499346355566  1.80773789891  -0.242759211542  -7.012969489  -1.62557009566  -3.99155572082  -1.22926955874  1.61362987994  -1.58538334378  -3  -1.54053719329  -3.98653715911  2.83710235139  1.22298525565  1.79736941722  -3.03708222433  -2.34940583385  -4.15409308086  -5.22863326526  0.888499861662  -2  -2  -9  
-9  -9  -9  -9  -9  -9  -9  -9  -9  -9  -9  -9  -9  -9  -9  -9  -9  -9  -9  -9  -9  -9  -9  1  
