A  R  N  D  C  Q  E  G  H  I  L  K  M  F  P  S  T  W  Y  V  B  Z  X  *  
10.585784120711885  -17.156166603305113  -5.448329083310142  4.547873381858812  -17.513141841279054  3.3181160353964243  10.387725729522055  8.409141539150554  -13.966060804595347  8.38301891906266  -44.17228667918942  -21.635717188395873  2.678970472548981  -0.8833446338894428  5.926536350745284  12.76156611806945  12.054194191906543  -12.348576322621618  8.909414616828572  -18.719683977500253  -31.767975277343837  -35.62508189196055  -5.389290054038344  -9  
-17.156166603305113  -5.867655567344915  -28.81278188485824  -5.5387334735291525  -6.2774117200013135  -62.38906670463861  -48.61994130270312  9.363945140558245  14.272515560431064  -0.1823263083775526  6.554343483739515  -8.791056842319637  -57.67642057701392  13.298177247255543  -14.067229044844591  -23.605618473808796  -28.597052656344914  -28.621864186870244  7.453873275785564  -11.671320144468822  -18.462375640244375  -21.93852824070751  -8.018658777548906  -9  
-5.448329083310142  -28.81278188485824  10.737993195191514  13.61256050192452  -2.694274038116101  -24.791673223243276  -0.9121139650605263  1.3749431643318015  0.08613605812475211  3.8071821074226957  -34.02733966609399  8.64904247979751  -35.31765349922514  -16.6900755451131  -15.128796865959115  11.08072611515906  2.120355776110485  -7.737894003120099  -32.990459352177176  -24.768453846524256  -15.597829833492892  -29.349951504460495  -46.808254795730925  -9  
4.547873381858812  -5.5387334735291525  13.61256050192452  12.522786193554879  -19.264583345213442  5.577540855043828  -39.22232940590256  0.05033603554148036  -11.14525277593324  4.502203473266804  12.152230434128313  -13.490404153383235  -9.870626848744903  9.611381524444385  -58.246732781088326  -14.928672186289411  10.559724224835277  -24.71503267278888  -78.37282699014231  -7.971376603662668  7.882662615410217  -26.834479081179133  -18.475267189640338  -9  
-17.513141841279054  -6.2774117200013135  -2.694274038116101  -19.264583345213442  11.076864475094338  -6.310579159963366  -17.492917016884725  10.202105217223554  -23.431746058700693  6.043519731986523  -34.6259208881772  -52.337236996132425  9.072659589130366  -58.86607327304577  -21.481625321874716  -30.528154545297102  -56.85850595027392  5.33831560666312  4.724197833768777  -25.141159552366208  -60.98089294837401  -22.41675146502788  -16.94742303483198  -9  
3.3181160353964243  -62.38906670463861  -24.791673223243276  5.577540855043828  -6.310579159963366  8.024366330616573  7.227619508072238  -8.39293716257351  -6.627958012123663  -24.872983126420912  3.474223482839231  13.857295159102774  -41.84914386452417  -28.204510970707474  -11.470205834214749  10.275135855449491  -29.107044121172517  -20.91321802596881  -4.418746609710853  0.16948501293513685  -6.246460260508964  -15.10523508233592  -16.698008112623704  -9  
10.387725729522055  -48.61994130270312  -0.9121139650605263  -39.22232940590256  -17.492917016884725  7.227619508072238  6.307525749900622  -1.8791981755177645  -32.993562936920114  -29.027678542235783  -47.577990141925824  -21.846436295612293  -32.49066503496744  10.080323948151007  -38.666829335166554  -8.747191272524457  4.279553894039319  -9.691100571476987  -25.952003535012388  -27.189858275381443  -7.339676712215706  -17.76927811946136  -0.28323296838889966  -9  
8.409141539150554  9.363945140558245  1.3749431643318015  0.05033603554148036  10.202105217223554  -8.39293716257351  -1.8791981755177645  11.502538817215504  12.212086662318072  6.586160422888982  5.472396439504391  10.549337939046506  -40.95049555500988  -54.16503026170076  -7.235695990733037  1.8645502641633556  10.55707268118568  -39.06945291148849  -34.87971221771237  -70.43323985130459  -42.656185775349215  -11.32039889558693  -11.83777276218639  -9  
-13.966060804595347  14.272515560431064  0.08613605812475211  -11.14525277593324  -23.431746058700693  -6.627958012123663  -32.993562936920114  12.212086662318072  10.352928795561601  14.35635850657476  -15.789817808441963  2.6311275017282263  3.010271764064827  -14.363376669309279  -18.29666412013145  -25.333599287336085  -13.8246230474978  -29.169696533154003  -20.151275312911913  9.491853838908872  -14.485821416822494  -45.009156611974895  -17.566087900979948  -9  
8.38301891906266  -0.1823263083775526  3.8071821074226957  4.502203473266804  6.043519731986523  -24.872983126420912  -29.027678542235783  6.586160422888982  14.35635850657476  10.474266864581638  9.421867778808496  -12.848642700697361  -3.871497828072411  6.447470914163324  -31.785876298939545  -16.911004262108136  -27.498864923992194  -28.794929501819123  -29.309638616294087  10.116340905657603  5.267168418589471  -11.488120351326776  -25.716405493991733  -9  
-44.17228667918942  6.554343483739515  -34.02733966609399  12.152230434128313  -34.6259208881772  3.474223482839231  -47.577990141925824  5.472396439504391  -15.789817808441963  9.421867778808496  1.5245816975133941  10.898420078207371  -18.928207074221564  -45.5970620795146  -2.2094167778042086  2.850550927669963  8.232393639368688  -2.6843226947928454  4.6154724797118165  12.639445079813715  -15.729530086279288  -7.4179102887622035  -32.70621724146909  -9  
-21.635717188395873  -8.791056842319637  8.64904247979751  -13.490404153383235  -52.337236996132425  13.857295159102774  -21.846436295612293  10.549337939046506  2.6311275017282263  -12.848642700697361  10.898420078207371  11.696437716796755  -11.542401124255608  -50.7871504436276  -16.412286922548148  11.149899452125972  12.363162613115483  12.193092709894593  4.069668808252769  7.56867931998911  -18.788934004210304  -23.607419607408065  -38.15254631980391  -9  
2.678970472548981  -57.67642057701392  -35.31765349922514  -9.870626848744903  9.072659589130366  -41.84914386452417  -32.49066503496744  -40.95049555500988  3.010271764064827  -3.871497828072411  -18.928207074221564  -11.542401124255608  11.397603747229379  -48.32562065118242  -68.34793378130107  -21.475802636984362  7.536350560081395  -24.787319963177435  -67.71414202283151  -119.84957097388379  -10.495889394857091  11.531176622837512  -35.57985747035285  -9  
-0.8833446338894428  13.298177247255543  -16.6900755451131  9.611381524444385  -58.86607327304577  -28.204510970707474  10.080323948151007  -54.16503026170076  -14.363376669309279  6.447470914163324  -45.5970620795146  -50.7871504436276  -48.32562065118242  5.586476425834079  -5.494637762932345  -31.415300828204813  4.446433271224929  -22.214033035665796  0.38374262158968175  2.769754101157761  -8.829817659966952  -1.1696389159878455  -24.230066526436286  -9  
5.926536350745284  -14.067229044844591  -15.128796865959115  -58.246732781088326  -21.481625321874716  -11.470205834214749  -38.666829335166554  -7.235695990733037  -18.29666412013145  -31.785876298939545  -2.2094167778042086  -16.412286922548148  -68.34793378130107  -5.494637762932345  7.365435678378146  2.404051234823684  0.2923123523678157  -32.56118749475796  -21.606431640552845  -60.024527419985006  -5.680012396794563  3.5645754082752616  -49.23410608019324  -9  
12.76156611806945  -23.605618473808796  11.08072611515906  -14.928672186289411  -30.528154545297102  10.275135855449491  -8.747191272524457  1.8645502641633556  -25.333599287336085  -16.911004262108136  2.850550927669963  11.149899452125972  -21.475802636984362  -31.415300828204813  2.404051234823684  12.588566911110473  11.67315872057048  -25.599877053518394  -1.502760773205722  2.8274832223263457  -59.39512177042534  -51.181251814929794  -27.240088019404006  -9  
12.054194191906543  -28.597052656344914  2.120355776110485  10.559724224835277  -56.85850595027392  -29.107044121172517  4.279553894039319  10.55707268118568  -13.8246230474978  -27.498864923992194  8.232393639368688  12.363162613115483  7.536350560081395  4.446433271224929  0.2923123523678157  11.67315872057048  11.918258476451534  -21.46858042704828  -63.443497934073626  0.97533832174756  8.43083831693467  -31.4807541830331  1.6831662972162098  -9  
-12.348576322621618  -28.621864186870244  -7.737894003120099  -24.71503267278888  5.33831560666312  -20.91321802596881  -9.691100571476987  -39.06945291148849  -29.169696533154003  -28.794929501819123  -2.6843226947928454  12.193092709894593  -24.787319963177435  -22.214033035665796  -32.56118749475796  -25.599877053518394  -21.46858042704828  6.025504635763046  -38.28690207365053  -55.53007879313273  -12.249455962687009  -49.057516333578725  9.920022615257889  -9  
8.909414616828572  7.453873275785564  -32.990459352177176  -78.37282699014231  4.724197833768777  -4.418746609710853  -25.952003535012388  -34.87971221771237  -20.151275312911913  -29.309638616294087  4.6154724797118165  4.069668808252769  -67.71414202283151  0.38374262158968175  -21.606431640552845  -1.502760773205722  -63.443497934073626  -38.28690207365053  11.95660436896003  -2.052010094431097  -10.271020767233221  -27.155930457465377  -19.171161915470954  -9  
-18.719683977500253  -11.671320144468822  -24.768453846524256  -7.971376603662668  -25.141159552366208  0.16948501293513685  -27.189858275381443  -70.43323985130459  9.491853838908872  10.116340905657603  12.639445079813715  7.56867931998911  -119.84957097388379  2.769754101157761  -60.024527419985006  2.8274832223263457  0.97533832174756  -55.53007879313273  -2.052010094431097  10.961498484510422  5.230574375214293  -7.002291598462943  -3.838381275984984  -9  
-31.767975277343837  -18.462375640244375  -15.597829833492892  7.882662615410217  -60.98089294837401  -6.246460260508964  -7.339676712215706  -42.656185775349215  -14.485821416822494  5.267168418589471  -15.729530086279288  -18.788934004210304  -10.495889394857091  -8.829817659966952  -5.680012396794563  -59.39512177042534  8.43083831693467  -12.249455962687009  -10.271020767233221  5.230574375214293  -24.160391650319795  -12.699717238497238  -2.746702508538954  -9  
-35.62508189196055  -21.93852824070751  -29.349951504460495  -26.834479081179133  -22.41675146502788  -15.10523508233592  -17.76927811946136  -11.32039889558693  -45.009156611974895  -11.488120351326776  -7.4179102887622035  -23.607419607408065  11.531176622837512  -1.1696389159878455  3.5645754082752616  -51.181251814929794  -31.4807541830331  -49.057516333578725  -27.155930457465377  -7.002291598462943  -12.699717238497238  -16.63379702430413  -39.8676018603514  -9  
-5.389290054038344  -8.018658777548906  -46.808254795730925  -18.475267189640338  -16.94742303483198  -16.698008112623704  -0.28323296838889966  -11.83777276218639  -17.566087900979948  -25.716405493991733  -32.70621724146909  -38.15254631980391  -35.57985747035285  -24.230066526436286  -49.23410608019324  -27.240088019404006  1.6831662972162098  9.920022615257889  -19.171161915470954  -3.838381275984984  -2.746702508538954  -39.8676018603514  -21.087190302645524  -9  
-9  -9  -9  -9  -9  -9  -9  -9  -9  -9  -9  -9  -9  -9  -9  -9  -9  -9  -9  -9  -9  -9  -9  1  
