A  R  N  D  C  Q  E  G  H  I  L  K  M  F  P  S  T  W  Y  V  B  Z  X  *  
4  -3  -1  -1  -4.398523464535096  -2  0  1  -5.328504483196594  -2  -3  -3  -2  -5  1  1  1  -7  -4  0  -1  -1  -1  -9  
-3  7  -2  -4  -5  1  -3.4776119808662105  -5  1  -3  -5  2  -1  -6  -1  -1  -3  1  -6  -4  -3  -1  -2  -9  
-1  -2  5  3  -5  -1  1  -1  2  -3  -4  1  -4  -5  -4.080757098441567  1  0  -5  -2  -4.7181870963267  4  0  -1  -9  
-1  -4  3  5  -7  0  4  -1  -1  -4  -6  -1  -5  -8  -3  -1.5061673718415851  -2.058557149554436  -9  -6  -4  4  3  -2  -9  
-4.398523464535096  -5  -5  -7  9  -8  -8  -6.61583946789483  -4  -3  -8  -8  -7  -7  -4  -1  -4  -9  0.5517099091858675  -3  -6  -8  -5  -9  
-2  1  -1  0  -8  6  2  -3  3  -4  -2  0  -2  -7  -1  -2  -2  -7  -6  -3  0  5  -2  -9  
0  -3.4776119808662105  1  4  -8  2  5  -1  -3.57939264256874  -4.709007848759589  -5  0.3372159612211947  -4  -8  -2  -1  -2  -9  -5  -3  3  4  -2  -9  
1  -5  -1  -1  -6.61583946789483  -3  -1  5  -4  -5  -6  -3  -4  -6  -2  0  -2  -9  -7  -5.888253209011975  -1  -2  -2  -9  
-5.328504483196594  1  2  -1  -4  3  -3.57939264256874  -4  7  -3.6563026434905663  -3  -2  -4  -3  -1  -2  -3  -4  -1  -3  1  1  -4.349960448886515  -9  
-2  -3  -3  -4  -3  -4  -4.709007848759589  -5  -3.6563026434905663  6  1  -3  1  0  -4  -3  0  -7  -3  3  -3  -3  -2  -9  
-3  -5  -4  -6  -8  -2  -5  -6  -3  1  6  -4  3  0  -4  -4  -3  -3  -3  -0.3814097869721227  -5  -4  -3  -9  
-3  2  1  -1  -8  0  0.3372159612211947  -3  -2  -3  -4  5  0  -7.333179933029326  -3  -1  -1  -6  -6  -4  0.701751272404616  -1  -2  -9  
-2  -1  -4  -5  -7  -2  -4  -4  -4  1  3  0  7.831962222261325  -1  -4  -2.1986973702005135  -1  -6  -5  1  -4  0.9491563074711926  -2  -9  
-5  -6  -5  -8  -7  -7  -8  -6  -3  0  0  -7.333179933029326  -1  5.909972217744683  -6  -4  -5  -1  4  -3  -6  -7  -4  -9  
1  -1  -4.080757098441567  -3  -4  -1  -2  -2  -1  -4  -4  -3  -4  -6  7  0  -1  -7  -7  -3  -3  -1  -2  -9  
1  -1  1  -1.5061673718415851  -1  -2  -1  0  -2  -3  -4  -1  -2.1986973702005135  -4  0  4  2  -3  -4  -2  0  -2  -1  -9  
1  -3  0  -2.058557149554436  -4  -2  -2  -2  -3  0  -3  -1  -1  -5  -1  2  5  -7  -4  -0.09566145148538041  -1  -2  -1  -9  
-7  1  -5  -9  -9  -7  -9  -9  -4  -7  -3  -6  -6  -1  -7  -3  -7  12  -2  -9  -6  -8  -6  -9  
-4  -6  -2  -6  0.5517099091858675  -6  -5  -7  -1  -3  -3  -6  -5  4  -7  -4  -4  -2  9  -4  -4  -6  -4  -9  
0  -4  -4.7181870963267  -4  -3  -3  -3  -5.888253209011975  -3  3  -0.3814097869721227  -4  1  -3  -3  -2  -0.09566145148538041  -9  -4  5  -4  -3  -2  -9  
-1  -3  4  4  -6  0  3  -1  1  -3  -5  0.701751272404616  -4  -6  -3  0  -1  -6  -4  -4  4  2  -2  -9  
-1  -1  0  3  -8  5  4  -2  1  -3  -4  -1  0.9491563074711926  -7  -1  -2  -2  -8  -6  -3  2  5  0.6870960090891953  -9  
-1  -2  -1  -2  -5  -2  -2  -2  -4.349960448886515  -2  -3  -2  -2  -4  -2  -1  -1  -6  -4  -2  -2  0.6870960090891953  -2  -9  
-9  -9  -9  -9  -9  -9  -9  -9  -9  -9  -9  -9  -9  -9  -9  -9  -9  -9  -9  -9  -9  -9  -9  1  
