A  R  N  D  C  Q  E  G  H  I  L  K  M  F  P  S  T  W  Y  V  B  Z  X  *  
4  -5.759640248075514  -1  -1  -3  -2  0  3.5461329617712805  -3  -2  -4.245289079464047  -3  -2  -5  1  1  1  -7  -4  -1.9736435730120716  -1  -1  -1  -9  
-5.759640248075514  7  -2  -4  -5  1  -3  -7.655980939005785  1  -3  -5  2  -1  -6  -1  -1  -3  1  -6  -4  -0.03407427375535832  -1  -2  -9  
-1  -2  5  3.2687876068255974  -5  -1  1  -1  2  -3  -4  1  -4  -5  -2  1  0  -5  -2  -3  5.563730275521203  0  -1  -9  
-1  -4  3.2687876068255974  5  -7  -2.613046385409887  4  -1  -1  -4  -5.807267840775937  -1  -5  -8  -3  -1  -2  -9  -6  -3.1916443839254707  6.927143888914538  3  -2  -9  
-3  -5  -5  -7  9  -8  -8  -5  -4  -3  -8  -8.339535061500353  -7  -7  -4  -1  -2.8328693718521736  -9  -1  -3  -6  -8  -5  -9  
-2  1  -1  -2.613046385409887  -8  6  2  -3  3  -4  -2  0  -2  -7  -1  -2  -2  -5.980891843961485  -6  -3  0  5  -2  -9  
0  -3  1  4  -8  2  5  -1  -1  -3  -5  1.081652923009931  -4  -8  -2  -1  -2  -9  -5.165363765412714  -3  3  6.371489876752876  -2  -9  
3.5461329617712805  -7.655980939005785  -1  -1  -5  -3  -1  5  -4  -5  -6  -3  -4  -6  -2  0  -1.4151558149124117  -9  -7  -3  -1  -2  -3.3919304808352937  -9  
-3  1  2  -1  -4  3  -1  -4  7  -4  -3  -2  -4  -3  -1  -2  -3  -4  -1  -3  1  1  -2  -9  
-2  -3  -3  -4  -3  -4  -3  -5  -4  6  1  -3  1  1.2553678525760155  -4  -3  0  -7  -3  3  -3  -3  -2  -9  
-4.245289079464047  -5  -4  -5.807267840775937  -8  -2  -5  -6  -3  1  6  -4  3  0  -4  -4  -3  -3  -3  0  -5  -4  -3.0998784691079386  -9  
-3  2  1  -1  -8.339535061500353  0  1.081652923009931  -3  -2  -3  -4  5  0  -7  -3  -1  -1  -6  -6  -4  0  -1  -2  -9  
-2  -1  -4  -5  -7  -2  -4  -4  -4  1  3  0  9  -1  -4  -3  0.6230879976204255  -6  -5  1  -4  -2  -2  -9  
-5  -6  -5  -8  -7  -7  -8  -6  -3  1.2553678525760155  0  -7  -1  8  -6  -4  -5  -1  4  -3  -6  -7  -4  -9  
1  -1  -2  -3  -4  -1  -2  -2  -1  -4  -4  -3  -4  -6  7  0  -1  -7  -7  -3.825523805944984  -3  -1  -2  -9  
1  -1  1  -1  -1  -2  -1  0  -2  -3  -4  -1  -3  -4  0  4  -0.7134262121175494  -3  -4  -1.6398226669310025  0  -2  -1  -9  
1  -3  0  -2  -2.8328693718521736  -2  -2  -1.4151558149124117  -3  0  -3  -1  0.6230879976204255  -5  -1  -0.7134262121175494  5  -7  -4  0  -1  -2  -1  -9  
-7  1  -5  -9  -9  -5.980891843961485  -9  -9  -4  -7  -3  -6  -6  -1  -7  -3  -7  12  -2  -9  -5.091815865504946  -8  -6  -9  
-4  -6  -2  -6  -1  -6  -5.165363765412714  -7  -1  -3  -3  -6  -5  4  -7  -4  -4  -2  8.728047745058534  -4  -4  -6  -4  -9  
-1.9736435730120716  -4  -3  -3.1916443839254707  -3  -3  -3  -3  -3  3  0  -4  1  -3  -3.825523805944984  -1.6398226669310025  0  -9  -4  5  -4  -3.9281677951912486  -2  -9  
-1  -0.03407427375535832  5.563730275521203  6.927143888914538  -6  0  3  -1  1  -3  -5  0  -4  -6  -3  0  -1  -5.091815865504946  -4  -4  4  2  -2  -9  
-1  -1  0  3  -8  5  6.371489876752876  -2  1  -3  -4  -1  -2  -7  -1  -2  -2  -8  -6  -3.9281677951912486  2  5  -2  -9  
-1  -2  -1  -2  -5  -2  -2  -3.3919304808352937  -2  -2  -3.0998784691079386  -2  -2  -4  -2  -1  -1  -6  -4  -2  -2  -2  -2  -9  
-9  -9  -9  -9  -9  -9  -9  -9  -9  -9  -9  -9  -9  -9  -9  -9  -9  -9  -9  -9  -9  -9  -9  1  
