A  R  N  D  C  Q  E  G  H  I  L  K  M  F  P  S  T  W  Y  V  B  Z  X  *  
4  -1.8013270660282754  -1  -1  -3  -2  0  1  -4.146706532884435  -2  -3  -3  -2  -5.658060413504552  1  1  1  -7  -2.3275220624829904  0  -1  -1  -3.5981919726161493  -9  
-1.8013270660282754  7  -2  -4  -5  0.39510039779226425  -3  -5  1  -3  -5  2  -1  -6  -1  -1  -3  1  -4.782438945865656  -5.36340239203773  -3  1.1164367980250571  -2  -9  
-1  -2  5  4.231436820538809  -5  -1  -1.263733982450665  1.501829068132761  2  -3  -4  1  -4  -5  -2  1.7105500348581977  0  -5.097419064315644  -0.17488392251495322  -3  4  -2.020477236128188  -1  -9  
-1  -4  4.231436820538809  5  -8.559797478239398  0  4  -1  -1  -6.3685479808495185  -6  1.598935118108646  -5  -8  -3  -1  -2  -9  -6  -5.963295632638916  4  3.646838275333265  -4.565586930351978  -9  
-3  -5  -5  -8.559797478239398  9  -8  -8  -5  -4  -3  -8.200634074966846  -6.070099081100483  -9.271557960833709  -9.337233812725692  -4  -1  -4  -9  -1  -3  -8.726313933328688  -8  -5  -9  
-2  0.39510039779226425  -1  0  -8  6  2  -3  1.572672689585823  -4  -1.4954325240484114  -0.5301899783634596  -2  -4.080505024354421  -1  -2  -2  -7  -6  -3  0  4.014026942593353  -2  -9  
0  -3  -1.263733982450665  4  -8  2  5  -1  -2.9357303641855843  -3  -5  -2.6208940946577792  -4  -8  -2  -1  -2  -9  -5.985012548014538  -3  4.490699075184223  4  -0.622462478367616  -9  
1  -5  1.501829068132761  -1  -5  -3  -1  5  -4  -3.616439847754256  -8.319007542457937  -2.54879470512487  -4  -6  -2  0  -2  -9  -7  -3  -1  -2  -0.22997300688832323  -9  
-4.146706532884435  1  2  -1  -4  1.572672689585823  -2.9357303641855843  -4  7  -4  -3  -2  -5.20538492205236  -3  -1  0.5164603976099587  -3  -4  -1  -3  -0.3305184516023232  1  -2  -9  
-2  -3  -3  -6.3685479808495185  -3  -4  -3  -3.616439847754256  -4  6  3.892561022548337  -3  1.832480156323835  0  -2.6981363828566876  -3  0  -8.557873007050588  -3  3  -3  -3  -2  -9  
-3  -5  -4  -6  -8.200634074966846  -1.4954325240484114  -5  -8.319007542457937  -3  3.892561022548337  6  -4  3  0  -6.178159966022783  -4  -3  -5.205047847183306  -3  0  -5  -4  -1.578129606564929  -9  
-3  2  1  1.598935118108646  -6.070099081100483  -0.5301899783634596  -2.6208940946577792  -2.54879470512487  -2  -3  -4  5  0  -9.849487821042741  -3  -1  -1  -3.782512661428259  -6  -4  0  -1  0.42377588703803704  -9  
-2  -1  -4  -5  -9.271557960833709  -2  -4  -4  -5.20538492205236  1.832480156323835  3  0  8.407011859523436  -1  -5.188754240630841  -3  -3.578767057059679  -6  -5  1  -4.795874139521449  -3.764650211216118  -2  -9  
-5.658060413504552  -6  -5  -8  -9.337233812725692  -4.080505024354421  -8  -6  -3  0  0  -9.849487821042741  -1  8  -6  -4  -5  -1  4  -5.297410104296661  -6  -7  -4  -9  
1  -1  -2  -3  -4  -1  -2  -2  -1  -2.6981363828566876  -6.178159966022783  -3  -5.188754240630841  -6  7  0  -3.115867278781934  -7  -7  -3  -3  -1  -4.807426474963505  -9  
1  -1  1.7105500348581977  -1  -1  -2  -1  0  0.5164603976099587  -3  -4  -1  -3  -4  0  4  -0.3708725993568631  -3  -4  -2  0  -4.715124103934379  -1  -9  
1  -3  0  -2  -4  -2  -2  -2  -3  0  -3  -1  -3.578767057059679  -5  -3.115867278781934  -0.3708725993568631  5  -7  -4  0  -2.8565536098338455  -2  -1.6720413692498548  -9  
-7  1  -5.097419064315644  -9  -9  -7  -9  -9  -4  -8.557873007050588  -5.205047847183306  -3.782512661428259  -6  -1  -7  -3  -7  12  -2  -9  -6  -8  -6  -9  
-2.3275220624829904  -4.782438945865656  -0.17488392251495322  -6  -1  -6  -5.985012548014538  -7  -1  -3  -3  -6  -5  4  -7  -4  -4  -2  9  -4.214117550701356  -4  -3.691262935221717  -4  -9  
0  -5.36340239203773  -3  -5.963295632638916  -3  -3  -3  -3  -3  3  0  -4  1  -5.297410104296661  -3  -2  0  -9  -4.214117550701356  5  -4  -3  -2  -9  
-1  -3  4  4  -8.726313933328688  0  4.490699075184223  -1  -0.3305184516023232  -3  -5  0  -4.795874139521449  -6  -3  0  -2.8565536098338455  -6  -4  -4  4  2  -0.7791072009507303  -9  
-1  1.1164367980250571  -2.020477236128188  3.646838275333265  -8  4.014026942593353  4  -2  1  -3  -4  -1  -3.764650211216118  -7  -1  -4.715124103934379  -2  -8  -3.691262935221717  -3  2  5  -2  -9  
-3.5981919726161493  -2  -1  -4.565586930351978  -5  -2  -0.622462478367616  -0.22997300688832323  -2  -2  -1.578129606564929  0.42377588703803704  -2  -4  -4.807426474963505  -1  -1.6720413692498548  -6  -4  -2  -0.7791072009507303  -2  -4.747290468526256  -9  
-9  -9  -9  -9  -9  -9  -9  -9  -9  -9  -9  -9  -9  -9  -9  -9  -9  -9  -9  -9  -9  -9  -9  1  
