A  R  N  D  C  Q  E  G  H  I  L  K  M  F  P  S  T  W  Y  V  B  Z  X  *  
4  -3  -1  -1  -3  -2  0  -0.5114061335492606  -3  -2  -3  -3  -2.941005108674926  -5  1  1  1  -7  -4  1.5169120626077255  -1  -1  -1  -9  
-3  7  -2  -4  -5  1  -3  -5  1  -3  -5  2  1.5508376769747576  -6  -1  -1  -2.7000446887895535  1  -6  -4  -3  0.04014954687765404  -2  -9  
-1  -2  5  3  -5  -3.350144508123986  1  -1  2  -3  -4  0.4477871701982825  -4  -5  -2  -1.7076650467908392  -2.172781392089629  -3.2526717623538692  -2  -3  4  0  -1  -9  
-1  -4  3  5  -7  0  4  -1  -1  -4  -6  -1  -5  -8  -3  -1  -2  -9.919808938744733  -4.720251984687701  -4  4  3.10950016551316  -2  -9  
-3  -5  -5  -7  9  -8  -8  -5  -4  -3  -8  -8  -6.854227068376227  -7  -4  -1  -4  -9  -1  -3  -6  -8  -5  -9  
-2  1  -3.350144508123986  0  -8  6  2  -3  1.9190693674219226  -4  -2  0  -2  -7  -1  -2  -3.2903648091049993  -4.519495504656684  -7.643863724964177  -3  0  5  -2  -9  
0  -3  1  4  -8  2  5  -1  -1  -3  -5  -1  -4  -8  -2  -1  -2  -9  -5  -3  3  4  -2  -9  
-0.5114061335492606  -5  -1  -1  -5  -3  -1  5  -4  -7.6560749332653515  -6  1.649075299288157  -4  -6  -2  0  -2  -6.153377393221001  -7  -3  -1  -2.599305296766002  -2  -9  
-3  1  2  -1  -4  1.9190693674219226  -1  -4  7  -4  -3  -2.0769249424655793  -4  -3  -1  -2  -3  -4  -1  -3  1  1  -2  -9  
-2  -3  -3  -4  -3  -4  -3  -7.6560749332653515  -4  6  1  -3  1  0  -4  -3  0  -7  -3  3.519752692183663  -3  -5.7683750652071  -2  -9  
-3  -5  -4  -6  -8  -2  -5  -6  -3  1  6  -4  3  0  -4  -4  -3  -3  -3  2.3410033748113186  -5  -4  -3  -9  
-3  2  0.4477871701982825  -1  -8  0  -1  1.649075299288157  -2.0769249424655793  -3  -4  5  0  -6.891332869375742  -3  -1  -1  -6  -6  -4  0  -1  -2  -9  
-2.941005108674926  1.5508376769747576  -4  -5  -6.854227068376227  -2  -4  -4  -4  1  3  0  9  -1  -1.713149218144203  -3  -0.9561513151190781  -6  -5  1  -4  -0.09665245542844314  -2  -9  
-5  -6  -5  -8  -7  -7  -8  -6  -3  0  0  -6.891332869375742  -1  8  -6  -6.839445731748064  -5  -1  2.48629290095686  -3  -6  -7  -4  -9  
1  -1  -2  -3  -4  -1  -2  -2  -1  -4  -4  -3  -1.713149218144203  -6  7  0  -1  -7  -7  -3  -3  -1  -2  -9  
1  -1  -1.7076650467908392  -1  -1  -2  -1  0  -2  -3  -4  -1  -3  -6.839445731748064  0  4  2  -3  -4  -2  0  -2  -1  -9  
1  -2.7000446887895535  -2.172781392089629  -2  -4  -3.2903648091049993  -2  -2  -3  0  -3  -1  -0.9561513151190781  -5  -1  2  5  -7  -4  0  -1  -2  -1  -9  
-7  1  -3.2526717623538692  -9.919808938744733  -9  -4.519495504656684  -9  -6.153377393221001  -4  -7  -3  -6  -6  -1  -7  -3  -7  12  -2  -9  -6  -9.003658871639086  -6  -9  
-4  -6  -2  -4.720251984687701  -1  -7.643863724964177  -5  -7  -1  -3  -3  -6  -5  2.48629290095686  -7  -4  -4  -2  9  -4  -4  -3.9095376839733955  -4  -9  
1.5169120626077255  -4  -3  -4  -3  -3  -3  -3  -3  3.519752692183663  2.3410033748113186  -4  1  -3  -3  -2  0  -9  -4  5  -4  -3  -2  -9  
-1  -3  4  4  -6  0  3  -1  1  -3  -5  0  -4  -6  -3  0  -1  -6  -4  -4  4  2  -2  -9  
-1  0.04014954687765404  0  3.10950016551316  -8  5  4  -2.599305296766002  1  -5.7683750652071  -4  -1  -0.09665245542844314  -7  -1  -2  -2  -9.003658871639086  -3.9095376839733955  -3  2  5  0.6106059389473395  -9  
-1  -2  -1  -2  -5  -2  -2  -2  -2  -2  -3  -2  -2  -4  -2  -1  -1  -6  -4  -2  -2  0.6106059389473395  -2  -9  
-9  -9  -9  -9  -9  -9  -9  -9  -9  -9  -9  -9  -9  -9  -9  -9  -9  -9  -9  -9  -9  -9  -9  1  
