A  R  N  D  C  Q  E  G  H  I  L  K  M  F  P  S  T  W  Y  V  B  Z  X  *  
4  -3  -1  -1  -3  -2  0  1  -3  -0.24027032582340868  -3  -3  -2.6681208120369115  -5  1  1  1  -7  -4  0  -1  -1  -1  -9  
-3  7  -2  -4  -5  1  -3  -5  1  -0.25833491994029556  -5  0.1485949140723566  -1  -6  -0.008856797425819352  -1  -5.23354115522362  1  -6  -4  -3  -1  -2  -9  
-1  -2  5.6649198558508465  3  -5  -1  1  -1  0.625329117135017  -3  -4  -0.160144362178551  -4  -5  -2  1  0  -5  -2  -1.0628416081198744  4  0  -1  -9  
-1  -4  3  5  -7  0  4  -1  -1  -4  -6  -1  -5  -8  -3  -3.21705752392875  -2  -9  -6.208320058164779  -4  4  3  -2  -9  
-3  -5  -5  -7  9  -8  -8  -5  -4  -3  -8  -8  -7  -7  -4  -1  -4  -9  -1  -5.832311742686309  -6  -8  -5  -9  
-2  1  -1  0  -8  6  2  -3  3  -4  -2  0  -2  -7  -1  -2  -2  -7  -6  -3  -0.9937821914186244  5  -2  -9  
0  -3  1  4  -8  2  5  0.6073878181366301  -1  -3  -5  -1  -4  -7.183495924616711  -2  -1  -2  -9  -5  -3  3  4  -2  -9  
1  -5  -1  -1  -5  -3  0.6073878181366301  5  -4  -5  -6.757160357498947  -3  -6.0892894533911175  -6  -2  0  -2  -9  -7  -4.249964546074458  -1  -2  -2.370646026838573  -9  
-3  1  0.625329117135017  -1  -4  3  -1  -4  7  -4  -3  -0.7521155650124232  -4  -0.15112028750750994  -1  -2  -3  -4  -1  -3  1  1  -2  -9  
-0.24027032582340868  -0.25833491994029556  -3  -4  -3  -4  -3  -5  -4  6  1  -4.005458182740667  1  2.882812140871631  -4  -3  0.6177896680247681  -7  -3  3  -0.5449850315817344  -3  -2  -9  
-3  -5  -4  -6  -8  -2  -5  -6.757160357498947  -3  1  6  -4  3  0  -4  -4  -3  -3  -3  0  -5  -4  -3  -9  
-3  0.1485949140723566  -0.160144362178551  -1  -8  0  -1  -3  -0.7521155650124232  -4.005458182740667  -4  5  2.5527963896937242  -7  -1.154157519299808  -1  -0.5750156247109706  -6  -6  -6.350890214600907  0  -1  -2  -9  
-2.6681208120369115  -1  -4  -5  -7  -2  -4  -6.0892894533911175  -4  1  3  2.5527963896937242  9  -1  -4  -3  -3.5178442553481144  -6  -5  1  -4  -2  -4.83798680759327  -9  
-5  -6  -5  -8  -7  -7  -7.183495924616711  -6  -0.15112028750750994  2.882812140871631  0  -7  -1  8  -6  -4  -5  -1  4  -3  -6  -7  -4  -9  
1  -0.008856797425819352  -2  -3  -4  -1  -2  -2  -1  -4  -4  -1.154157519299808  -4  -6  7  0  -1  -7  -7  -3  -3.9159187410821135  -1  -2  -9  
1  -1  1  -3.21705752392875  -1  -2  -1  0  -2  -3  -4  -1  -3  -4  0  4  2  -3  -4  -2  -0.7551751077203273  -2  -1  -9  
1  -5.23354115522362  0  -2  -4  -2  -2  -2  -3  0.6177896680247681  -3  -0.5750156247109706  -3.5178442553481144  -5  -1  2  5  -7  -4  0  0.8260823612604411  -2  -1  -9  
-7  1  -5  -9  -9  -7  -9  -9  -4  -7  -3  -6  -6  -1  -7  -3  -7  12  -2  -9  -6  -8  -6  -9  
-4  -6  -2  -6.208320058164779  -1  -6  -5  -7  -1  -3  -3  -6  -5  4  -7  -4  -4  -2  9  -6.7338287009974565  -4  -8.642707368580005  -1.0674991575342787  -9  
0  -4  -1.0628416081198744  -4  -5.832311742686309  -3  -3  -4.249964546074458  -3  3  0  -6.350890214600907  1  -3  -3  -2  0  -9  -6.7338287009974565  5  -5.98705226047378  -3  -2  -9  
-1  -3  4  4  -6  -0.9937821914186244  3  -1  1  -0.5449850315817344  -5  0  -4  -6  -3.9159187410821135  -0.7551751077203273  0.8260823612604411  -6  -4  -5.98705226047378  4  2  -2  -9  
-1  -1  0  3  -8  5  4  -2  1  -3  -4  -1  -2  -7  -1  -2  -2  -8  -8.642707368580005  -3  2  5  -2  -9  
-1  -2  -1  -2  -5  -2  -2  -2.370646026838573  -2  -2  -3  -2  -4.83798680759327  -4  -2  -1  -1  -6  -1.0674991575342787  -2  -2  -2  -2  -9  
-9  -9  -9  -9  -9  -9  -9  -9  -9  -9  -9  -9  -9  -9  -9  -9  -9  -9  -9  -9  -9  -9  -9  1  
