A  R  N  D  C  Q  E  G  H  I  L  K  M  F  P  S  T  W  Y  V  B  Z  X  *  
67.0018504186458  -13.658341067105011  -9.174032512637458  -20.430266709817776  74.22994555694592  -35.73935095804113  53.595989667736326  42.89373000822306  -113.83603027853569  -10.088333039092761  6.582531779743975  -37.062763345689376  -71.44769907239059  60.87847365582238  -2.871926093981509  16.80362763057399  86.26768897938936  -83.39361275965582  91.63992341471068  -67.35064099147428  73.9163584476968  34.69657542732623  -36.709387513112304  -9  
-13.658341067105011  54.82368189978738  -88.67630642580865  -79.78259396821917  -14.58624754843286  -48.15063975245476  -122.58860769416879  -105.87285970529044  -3.855189350921448  -15.742984935036219  70.92295146266571  40.84363926512643  82.74615867723173  15.416067404100872  -68.53579339468382  45.50826371166097  -12.270012278754248  -25.127694441058626  -6.502288030555436  65.75084953211964  75.27910775002636  -3.2330826192920616  -13.201963199819458  -9  
-9.174032512637458  -88.67630642580865  26.148491118754542  78.86668957976364  -21.257769916081614  28.367155951539438  -85.48393306334592  -8.45779817252321  -2.521683558185023  127.91797846659047  26.452106162283883  59.29445580734608  3.4145949841141396  -75.81362359247508  1.2144551011819713  17.329076280538807  -104.49264005846146  40.10385608218882  150.46449852211074  -24.095535371422017  79.93036214809361  -1.0087239506317323  21.21257495673245  -9  
-20.430266709817776  -79.78259396821917  78.86668957976364  -3.362726159779886  -166.64184952057255  61.66137212083495  -45.391240929538654  -29.99625659763766  43.67522412000705  80.45328434464615  2.6286291433714273  64.20215985169108  -15.065875943450596  31.3208557114082  112.78497664868814  -21.070911643286532  69.5229375301766  31.352570715863774  -76.21014338152904  -133.21715573630624  -8.05456369343915  21.669101685282357  11.150454726294738  -9  
74.22994555694592  -14.58624754843286  -21.257769916081614  -166.64184952057255  115.94960548993204  15.848597676962175  35.44924381416706  -27.234024982681035  134.73262153011962  -17.591696929260742  75.94546619251788  28.57817315314941  29.439407748133778  -24.19069387404162  -4.900573354705182  110.6528524173094  -17.579863044991214  -4.561440801461352  -38.67164846614873  6.052915077989477  47.516500494265735  -21.154487822675556  51.730326730153465  -9  
-35.73935095804113  -48.15063975245476  28.367155951539438  61.66137212083495  15.848597676962175  22.48522882477485  36.996536879572744  4.184220112839153  34.00912885546032  67.42074904716294  -49.41979128707265  -12.544363477806348  -33.01616413758062  -56.75844677791571  -24.356207591786  -31.958279199089162  -37.54214135359314  13.396528967044254  99.53871225397417  164.40787438173314  87.39444018184048  19.532778319800826  76.49296327377995  -9  
53.595989667736326  -122.58860769416879  -85.48393306334592  -45.391240929538654  35.44924381416706  36.996536879572744  11.957690534547908  -35.70221449403884  -130.754479920611  163.5509776029137  -139.99475661408746  96.75111846170941  -2.8236795595695106  -103.1485254951719  -20.789878314252242  -18.28350252412411  46.674338792910376  68.75959747013464  68.29475272315385  28.177972926221187  -65.48913515415717  60.48620805059859  -18.29824450706994  -9  
42.89373000822306  -105.87285970529044  -8.45779817252321  -29.99625659763766  -27.234024982681035  4.184220112839153  -35.70221449403884  -14.840520854483684  -70.9449451505768  32.54046818882981  85.3116039802129  -58.426995167139  33.864812241306495  -36.44134278980286  29.85916042631748  -20.122160048380806  -0.5163243418935641  -65.6901758047417  -15.325050077968273  4.049499458309676  15.852444906727065  33.1348653005872  103.60293663714029  -9  
-113.83603027853569  -3.855189350921448  -2.521683558185023  43.67522412000705  134.73262153011962  34.00912885546032  -130.754479920611  -70.9449451505768  4.708139300664765  15.997486439123394  -20.300479006907537  -11.694940161243931  -61.344749160912556  2.739248998686758  -7.536525612087111  141.51459680511198  3.4875243399428504  -19.483136704779195  -44.68285024601656  -85.8792121694335  -94.5206397420518  -55.43752435861162  -41.17004895108719  -9  
-10.088333039092761  -15.742984935036219  127.91797846659047  80.45328434464615  -17.591696929260742  67.42074904716294  163.5509776029137  32.54046818882981  15.997486439123394  7.052779653014458  55.14341968256658  76.57644063448282  -58.7374152568932  99.93515911981119  -7.190318622039328  -33.36667982588929  30.665330245025764  -110.41184151530811  -81.89366975971008  70.3793345141785  32.09970133757094  12.746302461348485  -25.821052111539625  -9  
6.582531779743975  70.92295146266571  26.452106162283883  2.6286291433714273  75.94546619251788  -49.41979128707265  -139.99475661408746  85.3116039802129  -20.300479006907537  55.14341968256658  -0.6693200895612685  -5.612449339814354  -17.362250871770684  -60.05626318388888  -66.0237799995166  -38.945666337432996  -16.93273125791633  73.1511397184267  -81.14956890608724  12.899228427275013  -78.88351678176588  11.509159878452916  -7.775243579100442  -9  
-37.062763345689376  40.84363926512643  59.29445580734608  64.20215985169108  28.57817315314941  -12.544363477806348  96.75111846170941  -58.426995167139  -11.694940161243931  76.57644063448282  -5.612449339814354  2.0272853990360558  -55.60771554927115  -8.775597012066983  42.199843581780485  -72.87399987828762  -47.73802491334635  -36.75006702178376  -54.42866157321134  -154.12281119573086  142.15270255956943  -53.932163666482296  21.269881786067653  -9  
-71.44769907239059  82.74615867723173  3.4145949841141396  -15.065875943450596  29.439407748133778  -33.01616413758062  -2.8236795595695106  33.864812241306495  -61.344749160912556  -58.7374152568932  -17.362250871770684  -55.60771554927115  63.75189721930693  -30.69043691197708  -11.545720304086327  -63.10531992833456  40.572676016240656  -32.22615989863158  -83.88137747310633  -55.89649233995401  -97.71364578422757  -27.207115622844185  -71.60148974022394  -9  
60.87847365582238  15.416067404100872  -75.81362359247508  31.3208557114082  -24.19069387404162  -56.75844677791571  -103.1485254951719  -36.44134278980286  2.739248998686758  99.93515911981119  -60.05626318388888  -8.775597012066983  -30.69043691197708  38.65126933193963  44.318554138714696  79.47308149461097  50.113001124161144  -30.025939621279722  -12.337144883893966  29.883460589712257  51.80496029023997  -21.746817434965077  -171.838305831283  -9  
-2.871926093981509  -68.53579339468382  1.2144551011819713  112.78497664868814  -4.900573354705182  -24.356207591786  -20.789878314252242  29.85916042631748  -7.536525612087111  -7.190318622039328  -66.0237799995166  42.199843581780485  -11.545720304086327  44.318554138714696  0.4756320901431055  -28.27253383057481  -30.37056584037829  -0.6834541257305453  -96.86908679614791  -20.38577734412461  -10.878744008477996  -51.56821825256687  -56.63143945179428  -9  
16.80362763057399  45.50826371166097  17.329076280538807  -21.070911643286532  110.6528524173094  -31.958279199089162  -18.28350252412411  -20.122160048380806  141.51459680511198  -33.36667982588929  -38.945666337432996  -72.87399987828762  -63.10531992833456  79.47308149461097  -28.27253383057481  -4.247030205659427  93.94126900402658  -53.616460607303935  -51.894102002136925  -122.59164073734607  -50.888334910255864  90.5993609503472  -134.3014479390411  -9  
86.26768897938936  -12.270012278754248  -104.49264005846146  69.5229375301766  -17.579863044991214  -37.54214135359314  46.674338792910376  -0.5163243418935641  3.4875243399428504  30.665330245025764  -16.93273125791633  -47.73802491334635  40.572676016240656  50.113001124161144  -30.37056584037829  93.94126900402658  7.332690718525617  -10.142337988562828  -70.74750165571749  -11.767005552518514  -41.81084425824314  7.532403002324012  45.088764961634496  -9  
-83.39361275965582  -25.127694441058626  40.10385608218882  31.352570715863774  -4.561440801461352  13.396528967044254  68.75959747013464  -65.6901758047417  -19.483136704779195  -110.41184151530811  73.1511397184267  -36.75006702178376  -32.22615989863158  -30.025939621279722  -0.6834541257305453  -53.616460607303935  -10.142337988562828  39.497805058315926  51.23290950420534  -153.84529792578977  -62.05508572841952  20.684444049933443  -16.04039094402346  -9  
91.63992341471068  -6.502288030555436  150.46449852211074  -76.21014338152904  -38.67164846614873  99.53871225397417  68.29475272315385  -15.325050077968273  -44.68285024601656  -81.89366975971008  -81.14956890608724  -54.42866157321134  -83.88137747310633  -12.337144883893966  -96.86908679614791  -51.894102002136925  -70.74750165571749  51.23290950420534  -40.75398511158799  -98.66757813456641  -3.2341933575468125  9.53476124192281  145.60097065076806  -9  
-67.35064099147428  65.75084953211964  -24.095535371422017  -133.21715573630624  6.052915077989477  164.40787438173314  28.177972926221187  4.049499458309676  -85.8792121694335  70.3793345141785  12.899228427275013  -154.12281119573086  -55.89649233995401  29.883460589712257  -20.38577734412461  -122.59164073734607  -11.767005552518514  -153.84529792578977  -98.66757813456641  16.22729001500722  159.76843383661915  -28.802101917125114  20.537827312346582  -9  
73.9163584476968  75.27910775002636  79.93036214809361  -8.05456369343915  47.516500494265735  87.39444018184048  -65.48913515415717  15.852444906727065  -94.5206397420518  32.09970133757094  -78.88351678176588  142.15270255956943  -97.71364578422757  51.80496029023997  -10.878744008477996  -50.888334910255864  -41.81084425824314  -62.05508572841952  -3.2341933575468125  159.76843383661915  19.557885683593238  141.87134291949937  10.596775079339166  -9  
34.69657542732623  -3.2330826192920616  -1.0087239506317323  21.669101685282357  -21.154487822675556  19.532778319800826  60.48620805059859  33.1348653005872  -55.43752435861162  12.746302461348485  11.509159878452916  -53.932163666482296  -27.207115622844185  -21.746817434965077  -51.56821825256687  90.5993609503472  7.532403002324012  20.684444049933443  9.53476124192281  -28.802101917125114  141.87134291949937  47.15021578960486  -102.5576647134465  -9  
-36.709387513112304  -13.201963199819458  21.21257495673245  11.150454726294738  51.730326730153465  76.49296327377995  -18.29824450706994  103.60293663714029  -41.17004895108719  -25.821052111539625  -7.775243579100442  21.269881786067653  -71.60148974022394  -171.838305831283  -56.63143945179428  -134.3014479390411  45.088764961634496  -16.04039094402346  145.60097065076806  20.537827312346582  10.596775079339166  -102.5576647134465  -30.510785961912738  -9  
-9  -9  -9  -9  -9  -9  -9  -9  -9  -9  -9  -9  -9  -9  -9  -9  -9  -9  -9  -9  -9  -9  -9  1  
