A  R  N  D  C  Q  E  G  H  I  L  K  M  F  P  S  T  W  Y  V  B  Z  X  *  
4  -3  -0.20639497743554447  -1  -3  -2  2.748605142111663  1  -3  0.9823428815729198  -1.449423401459749  -3  -1.111396972396168  -5  1  1.301598994826442  1  -7  -4  0  -2.7268768072963647  -2.714760611744862  -1  -9  
-3  7  -2  -4  -5  1  -3  -5  1.5310098541833517  -3  -5  2  -1  -8.555097259352722  -1  -1  -3  1  -6  -5.960227190190674  -3  -1  -2  -9  
-0.20639497743554447  -2  5  5.5657011936528775  -5  -1  1  -1  2  -3.1934973492214414  -4  1  -4  -5  -2  1  0  -5  -2  -1.0490581007610373  4  0  -1  -9  
-1  -4  5.5657011936528775  5  -7.258122290717515  0  4  -1  1.5687924555412824  -4  -7.856404044410562  -1  -7.407436188366204  -8  -3  -1  -2  -9  -6  -4  4  3  -2  -9  
-3  -5  -5  -7.258122290717515  9  -8  -8  -5  -4  -3  -8  -8  -7  -7  -4  -1  -4  -9  -1  -3  -6  -8  -5  -9  
-2  1  -1  0  -8  6  2  -3  3  -2.9801093678135393  -0.965042008711251  0  -2  -7.543262314527921  -1  -2  -2  -8.008712396813255  -6  -3  0  8.29489402713835  -2  -9  
2.748605142111663  -3  1  4  -8  2  5  -1  -1  -3  -5  -1  -4.586500127363487  -8  -2  -1  -2.0699311299923675  -9  -5  -3  3  3.326511804910075  -2  -9  
1  -5  -1  -1  -5  -3  -1  5  -4  -5  -6  -4.272908082612362  -4  -7.245647655512299  -2  0  -2  -9.132183096327449  -7  -3  -1.7147451999770862  -2  -2  -9  
-3  1.5310098541833517  2  1.5687924555412824  -4  3  -1  -4  7  -4  -3  -2  -4  -3  -1  -2  -3  -4.819101902346297  -2.0538848478070806  -3  1  1.1823950273745152  -2  -9  
0.9823428815729198  -3  -3.1934973492214414  -4  -3  -2.9801093678135393  -3  -5  -4  6  1  -3  1  0.8803098367312305  -4  -3  0  -7  -3  3  -3  -3  -2  -9  
-1.449423401459749  -5  -4  -7.856404044410562  -8  -0.965042008711251  -5  -6  -3  1  6  -4.60406599657658  3  0  -4  -4  -3  -3  -3  0  -5  -6.13491459182265  -5.715162785959198  -9  
-3  2  1  -1  -8  0  -1  -4.272908082612362  -2  -3  -4.60406599657658  5  0  -7  -3  -1  -1  -10.101768471387938  -6  -4.976575532031072  0  -1  -2.968520098435122  -9  
-1.111396972396168  -1  -4  -7.407436188366204  -7  -2  -4.586500127363487  -4  -4  1  3  0  9  -1  -4  -3  -1  -6  -2.7893427023231565  1  -4  -2  -2  -9  
-5  -8.555097259352722  -5  -8  -7  -7.543262314527921  -8  -7.245647655512299  -3  0.8803098367312305  0  -7  -1  5.398562669521167  -6  -2.129209274533277  -5  -1  2.947917816549774  -3  -6  -7  -4  -9  
1  -1  -2  -3  -4  -1  -2  -2  -1  -4  -4  -3  -4  -6  7  0  -1  -7  -7.178718523848884  -3  -3  -1  0.12411936503606058  -9  
1.301598994826442  -1  1  -1  -1  -2  -1  0  -2  -3  -4  -1  -3  -2.129209274533277  0  3.9459475059505937  2  -3  -4  -2  0  -2  -1  -9  
1  -3  0  -2  -4  -2  -2.0699311299923675  -2  -3  0  -3  -1  -1  -5  -1  2  5  -7  -4  0  -1  -2  -1  -9  
-7  1  -5  -9  -9  -8.008712396813255  -9  -9.132183096327449  -4.819101902346297  -7  -3  -10.101768471387938  -6  -1  -7  -3  -7  12  -3.702421629006391  -9  -6  -8  -3.787749721472707  -9  
-4  -6  -2  -6  -1  -6  -5  -7  -2.0538848478070806  -3  -3  -6  -2.7893427023231565  2.947917816549774  -7.178718523848884  -4  -4  -3.702421629006391  9  -4  -4  -6  -4  -9  
0  -5.960227190190674  -1.0490581007610373  -4  -3  -3  -3  -3  -3  3  0  -4.976575532031072  1  -3  -3  -2  0  -9  -4  5  -4  -3  -2  -9  
-2.7268768072963647  -3  4  4  -6  0  3  -1.7147451999770862  1  -3  -5  0  -4  -6  -3  0  -1  -6  -4  -4  4  2.6782042083471644  0.8299956365306116  -9  
-2.714760611744862  -1  0  3  -8  8.29489402713835  3.326511804910075  -2  1.1823950273745152  -3  -6.13491459182265  -1  -2  -7  -1  -2  -2  -8  -6  -3  2.6782042083471644  5  -2  -9  
-1  -2  -1  -2  -5  -2  -2  -2  -2  -2  -5.715162785959198  -2.968520098435122  -2  -4  0.12411936503606058  -1  -1  -3.787749721472707  -4  -2  0.8299956365306116  -2  -2  -9  
-9  -9  -9  -9  -9  -9  -9  -9  -9  -9  -9  -9  -9  -9  -9  -9  -9  -9  -9  -9  -9  -9  -9  1  
