A  R  N  D  C  Q  E  G  H  I  L  K  M  F  P  S  T  W  Y  V  B  Z  X  *  
4  -3  -1  -1  -3  -2  0  1  -3  -2  -3  -3  -2  -5  1  1  1  -7  -4  0  -1  -1  -1  -9  
-3  7  -2  -4  -5  1  -3  -5  0.8222143032494662  -3  -5  -0.9347809995862271  -1  -6  -1  -1  -0.46751842324848525  1  -6  -4  -3  -1  -2  -9  
-1  -2  5  3  -5  -1  1.6913456915472995  -1  2  -3  -4  1  -4  -3.44701575111079  -2  1  0  -5  -2  -3  4  0  -1  -9  
-1  -4  3  5  -7  0  4  -1  -1  -4  -6  -1  -5  -8  -4.775401857932068  -1  -2  -7.5734899558232724  -6  -6.50746752170126  4  3  -2  -9  
-3  -5  -5  -7  9  -8  -8  -5  -4  -3  -8  -8.205951957546056  -7  -7  -4  -1  -4  -9  -1  -3  -6  -8  -5  -9  
-2  1  -1  0  -8  6  2  -3  3  -4  -2  0  -2  -7  -1  -2  -2  -7  -6  -3  0  5  -2  -9  
0  -3  1.6913456915472995  4  -8  2  5  -1  -1  -3  -5  -1.7893393616988886  -4  -8  -2  -1  -4.905789612479842  -11.24975592642167  -5  -3  3  4  -2  -9  
1  -5  -1  -1  -5  -3  -1  5  -4  -5  -6  -3  -4  -6  -2  0  -2  -9  -7  -3  -1  -2  -2  -9  
-3  0.8222143032494662  2  -1  -4  3  -1  -4  7  -4  -3  -2  -4  -3  -1  -2  -3  -4  -1  -3  1  -1.43985774918601  -2  -9  
-2  -3  -3  -4  -3  -4  -3  -5  -4  6  1  -3  1  0  -4  -3  0  -7  -3  3  -2.203064132389991  -3  -2  -9  
-3  -5  -4  -6  -8  -2  -5  -6  -3  1  6  -4.776756904624196  3  0  -4  -3.457705084574234  -3  -3  -3  0.15754726505891625  -5  -4  -3  -9  
-3  -0.9347809995862271  1  -1  -8.205951957546056  0  -1.7893393616988886  -3  -2  -3  -4.776756904624196  3.4719008939928493  0  -7  -3  -1  -1  -6.0206394821751665  -4.297950324508783  -4  0  -1  -2  -9  
-2  -1  -4  -5  -7  -2  -4  -4  -4  1  3  0  9  -1  -4  -3  -1  -6  -5  1  -4  -2  -2  -9  
-5  -6  -3.44701575111079  -8  -7  -7  -8  -6  -3  0  0  -7  -1  8  -6  -4  -7.797120207611943  -1  4  -3  -8.25139196726443  -7  -4  -9  
1  -1  -2  -4.775401857932068  -4  -1  -2  -2  -1  -4  -4  -3  -4  -6  7  0  -1  -7  -8.527382604734631  -3  -3  -1  -2  -9  
1  -1  1  -1  -1  -2  -1  0  -2  -3  -3.457705084574234  -1  -3  -4  0  4  2  -3  -4  -2  1.4454429334962828  -2  -1  -9  
1  -0.46751842324848525  0  -2  -4  -2  -4.905789612479842  -2  -3  0  -3  -1  -1  -7.797120207611943  -1  2  5  -7  -6.796231992360887  0  -1  -2  -1  -9  
-7  1  -5  -7.5734899558232724  -9  -7  -11.24975592642167  -9  -4  -7  -3  -6.0206394821751665  -6  -1  -7  -3  -7  12  -2  -9  -6  -8  -6  -9  
-4  -6  -2  -6  -1  -6  -5  -7  -1  -3  -3  -4.297950324508783  -5  4  -8.527382604734631  -4  -6.796231992360887  -2  9  -4  -4  -6  -4  -9  
0  -4  -3  -6.50746752170126  -3  -3  -3  -3  -3  3  0.15754726505891625  -4  1  -3  -3  -2  0  -9  -4  5  -4  -3  -2  -9  
-1  -3  4  4  -6  0  3  -1  1  -2.203064132389991  -5  0  -4  -8.25139196726443  -3  1.4454429334962828  -1  -6  -4  -4  4  2  -2  -9  
-1  -1  0  3  -8  5  4  -2  -1.43985774918601  -3  -4  -1  -2  -7  -1  -2  -2  -8  -6  -3  2  5  -2  -9  
-1  -2  -1  -2  -5  -2  -2  -2  -2  -2  -3  -2  -2  -4  -2  -1  -1  -6  -4  -2  -2  -2  -2  -9  
-9  -9  -9  -9  -9  -9  -9  -9  -9  -9  -9  -9  -9  -9  -9  -9  -9  -9  -9  -9  -9  -9  -9  1  
