A  R  N  D  C  Q  E  G  H  I  L  K  M  F  P  S  T  W  Y  V  B  Z  X  *  
3.8076987510311486  -12.098966157531374  2.943043523515639  5.538721041216793  0.8334785000818954  -4.936804098757445  -0.019124876039879446  2.1385560033254345  -4.041664588182243  -5.950606639673731  1.142066915535391  -5.244020909109721  0.7054226515858999  -0.24319172521799803  7.050077198292551  1.6104695125319262  1.1453626936211707  -8.066863847308346  3.505524723083397  0.453661086004733  0.33821477349315154  3.0157883963694108  -7.797692136010381  -9  
-12.098966157531374  8.536774273079022  -13.95401260776226  -2.5884720264528642  -3.6591000481183187  -6.621138307451373  0.5661996650519265  -10.52878103201158  -1.5898614907558404  -4.361483302761856  -6.58646708950452  2.2828989594622078  -6.330162073549877  -16.157793033423644  1.8139456880543285  0.9774096439730593  -9.422513177994917  13.008234234967572  -2.828202592472518  -0.17085156507953903  -7.5591044543234345  -8.619859388185542  -9.931467166779719  -9  
2.943043523515639  -13.95401260776226  4.029025469026753  11.379684233698628  -7.470070951130521  -2.594577433236287  3.153568019382551  -3.4307949304139482  0.7494122501585982  -0.3373031527628889  -7.4473143151984775  -4.282725794746065  -6.986570843695512  -7.357679650850921  -10.719563512536567  -7.374775079608898  -9.925270698783066  -12.583653961620733  -3.620294761000295  -3.3304649904174264  -1.062422588365374  -3.5980760044187696  14.503264118254485  -9  
5.538721041216793  -2.5884720264528642  11.379684233698628  2.990428079897251  -6.658920819884612  2.309693885120972  6.661455149707005  -4.322438571335295  -4.727525750594015  -2.5170484193216685  -10.733254838363914  2.3418578327908346  -11.457127113172728  -18.901383662505438  -9.15003982144065  -0.9913492211901778  -8.69196242221878  -13.482660310854653  -5.535799486132301  -4.796357734882226  -7.404890297041705  2.5183851307270277  0.9099220325878665  -9  
0.8334785000818954  -3.6591000481183187  -7.470070951130521  -6.658920819884612  12.25379236208004  -17.17236631510835  -9.712031291806607  -5.053270693747477  -2.5372245788936096  -9.793366710518796  -10.40675324108307  -6.760037880602626  -0.37080866894984843  -8.09549566274626  -3.0387237726844303  4.4896888549541885  -5.70212590792587  3.178432024055433  2.6787271612710777  0.38401566394857145  -2.696777914792384  -8.549828135098068  -8.824253698171852  -9  
-4.936804098757445  -6.621138307451373  -2.594577433236287  2.309693885120972  -17.17236631510835  11.046545946142869  0.4853099785256809  -10.380029335301291  -1.1357336797877386  -9.387402568515117  -2.5126587464512893  -0.6413160976590098  -7.805752602305257  -3.9672937102807575  -1.3655024127782025  -4.104029721190116  6.899240321865631  -2.701494481742428  -6.640127964389417  -3.5196284421394046  0.938396800038094  2.2190149815847433  -1.9222439394981723  -9  
-0.019124876039879446  0.5661996650519265  3.153568019382551  6.661455149707005  -9.712031291806607  0.4853099785256809  6.066656385218583  3.370173375744752  1.615223133858307  -7.741814322259721  -8.706989616144465  0.7949013852460056  -4.385816795465917  -17.012669870156017  3.0474952260261086  0.28354513040300766  7.422123798167908  0.7786982538861194  1.2050807892782522  -4.406740650741149  0.9686775627884341  -1.1463122885996764  -7.241202235866744  -9  
2.1385560033254345  -10.52878103201158  -3.4307949304139482  -4.322438571335295  -5.053270693747477  -10.380029335301291  3.370173375744752  7.723320849091946  -6.0255295098518  -12.097920349092448  -12.174914160210658  1.5522071172571632  -6.688876347569437  -5.400671333953558  -5.268686942148779  2.9166784793378917  -1.6733700143324928  -2.4263071404741923  -0.5082796744292926  -3.5505630069179284  -0.2607746562934752  7.91762390311012  5.815568245773244  -9  
-4.041664588182243  -1.5898614907558404  0.7494122501585982  -4.727525750594015  -2.5372245788936096  -1.1357336797877386  1.615223133858307  -6.0255295098518  7.980681144893131  -12.744552123656566  -4.579486661143521  4.51835061915024  -2.1344991652485787  6.620459017896735  1.7847022084077695  0.11242706978744765  5.034578303544037  1.551523083949939  6.900147932528183  -7.224648230981211  1.7096520570904135  3.2858743453230588  5.871912006478549  -9  
-5.950606639673731  -4.361483302761856  -0.3373031527628889  -2.5170484193216685  -9.793366710518796  -9.387402568515117  -7.741814322259721  -12.097920349092448  -12.744552123656566  5.668000326058601  4.46823726382852  -8.92137980685829  0.3324009463626112  -1.5768623345908934  -2.4044682816373144  -3.998652545481679  1.1302178748142726  -8.067464189140063  -4.194533842658938  -0.30287960292423577  -4.897533024693439  -15.068514785291121  -4.835671332138816  -9  
1.142066915535391  -6.58646708950452  -7.4473143151984775  -10.733254838363914  -10.40675324108307  -2.5126587464512893  -8.706989616144465  -12.174914160210658  -4.579486661143521  4.46823726382852  4.066626548977272  1.1525315004109724  0.2629742230467986  0.3806867130849494  -3.39177637886165  -4.2025458444867905  0.9414440814896576  -4.6585755346949425  0.6117043684308481  2.720325973857242  -8.67590954380707  -12.659040844061106  -10.02263755780387  -9  
-5.244020909109721  2.2828989594622078  -4.282725794746065  2.3418578327908346  -6.760037880602626  -0.6413160976590098  0.7949013852460056  1.5522071172571632  4.51835061915024  -8.92137980685829  1.1525315004109724  5.587655880389779  4.739220619869924  -15.76612766170237  1.479084228987892  -0.8965156837380488  0.321737241889148  -15.225104461680214  -6.583728849572744  -2.8977064613691454  3.5546230604342535  10.009361252825563  -3.594850629663409  -9  
0.7054226515858999  -6.330162073549877  -6.986570843695512  -11.457127113172728  -0.37080866894984843  -7.805752602305257  -4.385816795465917  -6.688876347569437  -2.1344991652485787  0.3324009463626112  0.2629742230467986  4.739220619869924  9.193300149338262  6.916438145564705  5.8260672718063455  2.7508061529441328  3.73198128947383  -12.25743505580788  -3.195603826375405  -1.2900808540878632  -0.37557401243082644  4.61497573595672  11.121265871502857  -9  
-0.24319172521799803  -16.157793033423644  -7.357679650850921  -18.901383662505438  -8.09549566274626  -3.9672937102807575  -17.012669870156017  -5.400671333953558  6.620459017896735  -1.5768623345908934  0.3806867130849494  -15.76612766170237  6.916438145564705  9.921931870651871  2.1906379562646414  -7.297861464751556  -10.619436490955824  1.3914648581474331  7.971825024767196  -0.5181694637896921  -12.289093675911815  -5.8692522594975145  -5.8236196093745525  -9  
7.050077198292551  1.8139456880543285  -10.719563512536567  -9.15003982144065  -3.0387237726844303  -1.3655024127782025  3.0474952260261086  -5.268686942148779  1.7847022084077695  -2.4044682816373144  -3.39177637886165  1.479084228987892  5.8260672718063455  2.1906379562646414  6.9460629311455815  3.0966014176956227  -7.078895022314664  -7.993365775129616  -14.4238463700548  4.752930376558195  -3.3029419930762565  -0.8022773085790194  -2.982156304615952  -9  
1.6104695125319262  0.9774096439730593  -7.374775079608898  -0.9913492211901778  4.4896888549541885  -4.104029721190116  0.28354513040300766  2.9166784793378917  0.11242706978744765  -3.998652545481679  -4.2025458444867905  -0.8965156837380488  2.7508061529441328  -7.297861464751556  3.0966014176956227  4  -0.07376386170215143  -5.405545659532098  4.016427325860797  -2.76862993694857  -4.585333718239745  5.2884042126774045  -2.0671795310937107  -9  
1.1453626936211707  -9.422513177994917  -9.925270698783066  -8.69196242221878  -5.70212590792587  6.899240321865631  7.422123798167908  -1.6733700143324928  5.034578303544037  1.1302178748142726  0.9414440814896576  0.321737241889148  3.73198128947383  -10.619436490955824  -7.078895022314664  -0.07376386170215143  5.143622052481348  -9.70272496858071  -10.345396490316844  -0.1211282138528933  -4.785802494778642  -6.002589773472977  -4.929009181228031  -9  
-8.066863847308346  13.008234234967572  -12.583653961620733  -13.482660310854653  3.178432024055433  -2.701494481742428  0.7786982538861194  -2.4263071404741923  1.551523083949939  -8.067464189140063  -4.6585755346949425  -15.225104461680214  -12.25743505580788  1.3914648581474331  -7.993365775129616  -5.405545659532098  -9.70272496858071  8.789947918376923  -0.8930090660271581  -0.34333568432645434  -11.786920475291726  -15.253917794412148  -3.366666422383587  -9  
3.505524723083397  -2.828202592472518  -3.620294761000295  -5.535799486132301  2.6787271612710777  -6.640127964389417  1.2050807892782522  -0.5082796744292926  6.900147932528183  -4.194533842658938  0.6117043684308481  -6.583728849572744  -3.195603826375405  7.971825024767196  -14.4238463700548  4.016427325860797  -10.345396490316844  -0.8930090660271581  7.864996382971972  6.19111575449936  1.9095705088269797  -7.23309337973066  -3.12333059700948  -9  
0.453661086004733  -0.17085156507953903  -3.3304649904174264  -4.796357734882226  0.38401566394857145  -3.5196284421394046  -4.406740650741149  -3.5505630069179284  -7.224648230981211  -0.30287960292423577  2.720325973857242  -2.8977064613691454  -1.2900808540878632  -0.5181694637896921  4.752930376558195  -2.76862993694857  -0.1211282138528933  -0.34333568432645434  6.19111575449936  3.8813958117789236  -4.701390624438547  0.4297810576507146  -9.52245061594109  -9  
0.33821477349315154  -7.5591044543234345  -1.062422588365374  -7.404890297041705  -2.696777914792384  0.938396800038094  0.9686775627884341  -0.2607746562934752  1.7096520570904135  -4.897533024693439  -8.67590954380707  3.5546230604342535  -0.37557401243082644  -12.289093675911815  -3.3029419930762565  -4.585333718239745  -4.785802494778642  -11.786920475291726  1.9095705088269797  -4.701390624438547  5.1291635164405776  -3.400954039978436  -1.3315818123455556  -9  
3.0157883963694108  -8.619859388185542  -3.5980760044187696  2.5183851307270277  -8.549828135098068  2.2190149815847433  -1.1463122885996764  7.91762390311012  3.2858743453230588  -15.068514785291121  -12.659040844061106  10.009361252825563  4.61497573595672  -5.8692522594975145  -0.8022773085790194  5.2884042126774045  -6.002589773472977  -15.253917794412148  -7.23309337973066  0.4297810576507146  -3.400954039978436  4.5153649738308665  -1.2055959494925688  -9  
-7.797692136010381  -9.931467166779719  14.503264118254485  0.9099220325878665  -8.824253698171852  -1.9222439394981723  -7.241202235866744  5.815568245773244  5.871912006478549  -4.835671332138816  -10.02263755780387  -3.594850629663409  11.121265871502857  -5.8236196093745525  -2.982156304615952  -2.0671795310937107  -4.929009181228031  -3.366666422383587  -3.12333059700948  -9.52245061594109  -1.3315818123455556  -1.2055959494925688  -9.789017220138378  -9  
-9  -9  -9  -9  -9  -9  -9  -9  -9  -9  -9  -9  -9  -9  -9  -9  -9  -9  -9  -9  -9  -9  -9  1  
