A  R  N  D  C  Q  E  G  H  I  L  K  M  F  P  S  T  W  Y  V  B  Z  X  *  
6.369488511090733  -1.8453193592496837  -0.8641315843781685  8.253873703306775  -21.340047771459815  -8.31282602993796  1.1282837429648795  13.359225654863158  13.32207896537646  -2.140697181610089  9.857215206336255  -0.325784650085553  -11.113591350961  -6.001392437466318  8.046604147250218  5.078615029672482  4.142622798961646  -3.2591492181024595  6.679283415892181  -0.3818315572328643  -13.164655734270843  2.0483715243988962  7.580340410928683  -9  
-1.8453193592496837  10.398321469828577  -14.233097932502973  1.5337930483245472  5.8247667433009935  -7.999872775633512  -12.615356358429247  0.4988217561330863  7.049148833888697  2.3064174848857855  9.369363073851753  -4.186629026524001  4.833498961950507  -13.442818965711076  -4.0868949920097934  6.503773709145734  0.31090254842282206  11.311486741496367  5.894104135101257  4.956485700064659  -20.28103195766966  4.20112481709374  10.82327612509642  -9  
-0.8641315843781685  -14.233097932502973  -1.4498740494562083  7.515539444297575  -33.311813740563025  6.432305276158431  -14.797947610144677  -3.320677011272225  -3.0511935654304163  -19.448882675227416  9.382084851514804  7.897929286082845  8.793541479035312  -18.486851898789585  7.072066119909193  4.2446584339170075  -25.353032169650064  -3.005137545651225  2.3852010890822664  2.412334432687058  3.2025133319955605  13.950964274502605  5.9663220174091025  -9  
8.253873703306775  1.5337930483245472  7.515539444297575  4.098380044671847  -4.290590881736902  -5.737195409521473  9.752021950116381  4.250867810775568  -29.51460895550628  -29.350567519246244  8.907082016920652  -20.452959944310145  -4.504275230668734  -3.490139211878753  -22.650868041201814  -17.91064603527439  -11.259638499629933  -5.062945320278296  10.356994893892777  -8.731241733516882  9.599256175354633  -1.978476859317981  -0.8681429826701761  -9  
-21.340047771459815  5.8247667433009935  -33.311813740563025  -4.290590881736902  14.835046588094508  -13.002010616188592  6.673089446117958  -14.75041122600382  -2.728951602367105  12.174545021266692  -42.871276674659214  -6.700598512831411  -16.528865642298445  8.850531029969343  1.446662454038065  -5.5371668757645285  -34.70298334697132  -23.1243905980825  -15.480722229348352  4.1820750951217605  7.450744968658899  -19.59938431730612  7.1742955301755025  -9  
-8.31282602993796  -7.999872775633512  6.432305276158431  -5.737195409521473  -13.002010616188592  7.081721387045  -20.531094485821654  -4.948642067713991  11.253689635051654  -15.599001649866741  -1.9457237275913706  -0.64531506658113  -8.344632725214094  13.478013888285068  -14.837239197642177  -15.683417123534575  0.669228193416429  -11.437922322905345  -8.598188426979924  2.735262878412256  -2.214959059247737  -0.12860298415703664  -25.973781707245294  -9  
1.1282837429648795  -12.615356358429247  -14.797947610144677  9.752021950116381  6.673089446117958  -20.531094485821654  8.755835185095172  1.4954859480030809  5.6455826676390055  -2.3291519493090442  -18.164294280469345  -2.663282490311979  9.370390248225354  -13.922404282253735  -32.90520186170847  1.9246109281261434  11.040409247761765  3.468783723480329  0.8280026585734657  4.8070718547229365  -7.290358495644908  -35.60217631527969  -9.86864042399679  -9  
13.359225654863158  0.4988217561330863  -3.320677011272225  4.250867810775568  -14.75041122600382  -4.948642067713991  1.4954859480030809  5.909215653548279  -6.016301778594155  -18.176781531063213  -10.169011059063008  9.36232101099097  5.171961091639593  3.384323514180541  -1.1215758192734393  -8.166649588591888  11.17806433765111  1.2527791569421742  -11.624417181932241  -4.75463811177557  10.299529853954109  -24.51795112485421  -25.232477645161612  -9  
13.32207896537646  7.049148833888697  -3.0511935654304163  -29.51460895550628  -2.728951602367105  11.253689635051654  5.6455826676390055  -6.016301778594155  5.21131775820302  -5.643674204060098  -7.050299763894428  -3.6278517197862943  4.901900402757944  10.645889460916493  -2.781230709145591  -6.66732679633529  -7.482795020872882  -24.784880101860296  -2.2184364794726186  -0.9451515805369191  4.817668882794399  -25.36767280582296  -13.001208066007834  -9  
-2.140697181610089  2.3064174848857855  -19.448882675227416  -29.350567519246244  12.174545021266692  -15.599001649866741  -2.3291519493090442  -18.176781531063213  -5.643674204060098  14.15484718021137  9.351643368541602  -22.694837135376137  -10.562497816022258  8.357338504298651  -6.9968005886795686  -19.061852961312177  4.345911563635243  5.854907383942491  4.443725865525237  10.410470735162086  3.1756210533628937  10.379874378782004  9.76629034416774  -9  
9.857215206336255  9.369363073851753  9.382084851514804  8.907082016920652  -42.871276674659214  -1.9457237275913706  -18.164294280469345  -10.169011059063008  -7.050299763894428  9.351643368541602  3.402375220339044  4.197356823601749  2.6346656722786825  -18.111985670728757  -2.4039499619507962  8.518807893883688  5.49376804486073  -17.361532066443296  -29.187766519183924  7.874521713274956  -3.1083241105994612  1.1365197964531273  -8.163494295522202  -9  
-0.325784650085553  -4.186629026524001  7.897929286082845  -20.452959944310145  -6.700598512831411  -0.64531506658113  -2.663282490311979  9.36232101099097  -3.6278517197862943  -22.694837135376137  4.197356823601749  -0.5851400648786615  5.707360003288374  -18.327101111511094  8.444170440993918  -0.6987327522948235  5.2749828430609265  -0.34065455082940854  -9.672644410950635  -5.89888333154819  8.835285579054833  -10.08577892208333  5.829280106594547  -9  
-11.113591350961  4.833498961950507  8.793541479035312  -4.504275230668734  -16.528865642298445  -8.344632725214094  9.370390248225354  5.171961091639593  4.901900402757944  -10.562497816022258  2.6346656722786825  5.707360003288374  9.240707594819261  13.39776380886218  -13.292854709306722  -9.018332230230234  9.550027641486164  10.829986310362933  5.626006705170788  -15.526402654942633  -5.137113952672471  9.892126283672194  2.9405357758844874  -9  
-6.001392437466318  -13.442818965711076  -18.486851898789585  -3.490139211878753  8.850531029969343  13.478013888285068  -13.922404282253735  3.384323514180541  10.645889460916493  8.357338504298651  -18.111985670728757  -18.327101111511094  13.39776380886218  8.525062901154735  -23.04985246597927  -19.997253741964535  -18.71236357333375  0.26179169162136784  5.745299774532559  8.880875532029922  -5.296396965333484  1.5017953862610467  6.491295287489305  -9  
8.046604147250218  -4.0868949920097934  7.072066119909193  -22.650868041201814  1.446662454038065  -14.837239197642177  -32.90520186170847  -1.1215758192734393  -2.781230709145591  -6.9968005886795686  -2.4039499619507962  8.444170440993918  -13.292854709306722  -23.04985246597927  12.230589877531736  7.5994811455851705  -14.377703884313862  3.7232383978666146  8.454674430294745  1.7887523542836394  14.415780468415784  -1.0230736052573883  -4.737273087704115  -9  
5.078615029672482  6.503773709145734  4.2446584339170075  -17.91064603527439  -5.5371668757645285  -15.683417123534575  1.9246109281261434  -8.166649588591888  -6.66732679633529  -19.061852961312177  8.518807893883688  -0.6987327522948235  -9.018332230230234  -19.997253741964535  7.5994811455851705  10.245762655063402  6.039144346674051  4.733159934399286  8.00453859551733  -27.2838753981803  10.21921952807877  7.299238697787764  -1.8997363217786067  -9  
4.142622798961646  0.31090254842282206  -25.353032169650064  -11.259638499629933  -34.70298334697132  0.669228193416429  11.040409247761765  11.17806433765111  -7.482795020872882  4.345911563635243  5.49376804486073  5.2749828430609265  9.550027641486164  -18.71236357333375  -14.377703884313862  6.039144346674051  12.566842418858524  -8.909015825878457  -45.93638336745413  3.3232148729776743  -22.033126966678598  -9.275344038822203  -12.104016844569532  -9  
-3.2591492181024595  11.311486741496367  -3.005137545651225  -5.062945320278296  -23.1243905980825  -11.437922322905345  3.468783723480329  1.2527791569421742  -24.784880101860296  5.854907383942491  -17.361532066443296  -0.34065455082940854  10.829986310362933  0.26179169162136784  3.7232383978666146  4.733159934399286  -8.909015825878457  11.698580210151437  6.853729474425688  -3.4710059263525648  12.934975970673573  -40.341386400037024  -9.555976215676635  -9  
6.679283415892181  5.894104135101257  2.3852010890822664  10.356994893892777  -15.480722229348352  -8.598188426979924  0.8280026585734657  -11.624417181932241  -2.2184364794726186  4.443725865525237  -29.187766519183924  -9.672644410950635  5.626006705170788  5.745299774532559  8.454674430294745  8.00453859551733  -45.93638336745413  6.853729474425688  2.843409405435179  2.042217706775466  -12.934623601121956  9.538436119582412  -0.46845769282453453  -9  
-0.3818315572328643  4.956485700064659  2.412334432687058  -8.731241733516882  4.1820750951217605  2.735262878412256  4.8070718547229365  -4.75463811177557  -0.9451515805369191  10.410470735162086  7.874521713274956  -5.89888333154819  -15.526402654942633  8.880875532029922  1.7887523542836394  -27.2838753981803  3.3232148729776743  -3.4710059263525648  2.042217706775466  0.9194738562458964  -18.2780865237415  4.192761881657233  -2.2507024627819803  -9  
-13.164655734270843  -20.28103195766966  3.2025133319955605  9.599256175354633  7.450744968658899  -2.214959059247737  -7.290358495644908  10.299529853954109  4.817668882794399  3.1756210533628937  -3.1083241105994612  8.835285579054833  -5.137113952672471  -5.296396965333484  14.415780468415784  10.21921952807877  -22.033126966678598  12.934975970673573  -12.934623601121956  -18.2780865237415  -0.5728990500970319  -6.512814172345632  -8.708500119075623  -9  
2.0483715243988962  4.20112481709374  13.950964274502605  -1.978476859317981  -19.59938431730612  -0.12860298415703664  -35.60217631527969  -24.51795112485421  -25.36767280582296  10.379874378782004  1.1365197964531273  -10.08577892208333  9.892126283672194  1.5017953862610467  -1.0230736052573883  7.299238697787764  -9.275344038822203  -40.341386400037024  9.538436119582412  4.192761881657233  -6.512814172345632  1.0402466708277585  5.851485595206722  -9  
7.580340410928683  10.82327612509642  5.9663220174091025  -0.8681429826701761  7.1742955301755025  -25.973781707245294  -9.86864042399679  -25.232477645161612  -13.001208066007834  9.76629034416774  -8.163494295522202  5.829280106594547  2.9405357758844874  6.491295287489305  -4.737273087704115  -1.8997363217786067  -12.104016844569532  -9.555976215676635  -0.46845769282453453  -2.2507024627819803  -8.708500119075623  5.851485595206722  8.004151068904493  -9  
-9  -9  -9  -9  -9  -9  -9  -9  -9  -9  -9  -9  -9  -9  -9  -9  -9  -9  -9  -9  -9  -9  -9  1  
