A  R  N  D  C  Q  E  G  H  I  L  K  M  F  P  S  T  W  Y  V  B  Z  X  *  
4  -2.2903934153990013  -1  -1  -3  -2  0  1  -5.481990184092625  -2  -3  -3  -2  -5  1  1  1  -4.763186089945078  -4  0  -1  -0.851217448192223  -1  -9  
-2.2903934153990013  7  -2  -4  -5  1  -3  -5  1  -3  -5  2  -3.1090060404689153  -6  -1  -1  -3  1.630586908069505  -6  -4  -3  -1  -2  -9  
-1  -2  5  3  -5  -1  1  -1  2  -3  -4  1  -4  -5  -2  1  0  -5  -2  -3  4  0  -1  -9  
-1  -4  3  5  -6.672632393445859  -1.5831943303457905  4  -1  -1  -4  -6  -1  -5  -8  -3  -1  -2  -9  -6  -4  4  3  -2  -9  
-3  -5  -5  -6.672632393445859  9  -8  -8  -5  -4  -3  -8  -8  -7  -7  -4  -1  -4  -9  -1  -3  -6  -8  -5  -9  
-2  1  -1  -1.5831943303457905  -8  6  2  -3  3  -4  -2  0  -2  -7  -1  -2  -2  -5.139979796050885  -6  -3  0  5  -2  -9  
0  -3  1  4  -8  2  5  -1  -1  -3  -5  -1  -4  -10.016549060516457  -2  1.4006027003863786  -1.579365945232115  -9  -5  -3  2.214587138466996  4  -2  -9  
1  -5  -1  -1  -5  -3  -1  5  -4.94899599842909  -5  -6  -3  -4  -6  -2  0  -2  -9  -7  -2.465650969270863  -1  -2  -2  -9  
-5.481990184092625  1  2  -1  -4  3  -1  -4.94899599842909  7  -4  -3  -2  -4  -3  -1  -2  -2.477395108897404  -4  -1  -3  1  2.1019171245818775  -2  -9  
-2  -3  -3  -4  -3  -4  -3  -5  -4  6  1  -3  1  0  -4  -3  0  -7  -3  3  -3  -3  -2  -9  
-3  -5  -4  -6  -8  -2  -5  -6  -3  1  6  -4  3  0  -3.4293261138684583  -4  -3  -3  -3  0  -5  -4  -3  -9  
-3  2  1  -1  -8  0  -1  -3  -2  -3  -4  5  0  -7  -3  -1  -1  -6  -6  -4  0  -1  -2  -9  
-2  -3.1090060404689153  -4  -5  -7  -2  -4  -4  -4  1  3  0  9  -1  -4  -3  -0.1507677438373658  -6  -5  1  -4  -2  -2  -9  
-5  -6  -5  -8  -7  -7  -10.016549060516457  -6  -3  0  0  -7  -1  8  -6  -4  -5  -1  4  -3  -6  -7  -4  -9  
1  -1  -2  -3  -4  -1  -2  -2  -1  -4  -3.4293261138684583  -3  -4  -6  7  0  -1  -7  -7  -3  -3  0.6224737537026757  -2  -9  
1  -1  1  -1  -1  -2  1.4006027003863786  0  -2  -3  -4  -1  -3  -4  0  4  2  -3  -4  -2  0  -2  -1  -9  
1  -3  0  -2  -4  -2  -1.579365945232115  -2  -2.477395108897404  0  -3  -1  -0.1507677438373658  -5  -1  2  5  -7  -4  0  0.8179431281342542  -2  -1  -9  
-4.763186089945078  1.630586908069505  -5  -9  -9  -5.139979796050885  -9  -9  -4  -7  -3  -6  -6  -1  -7  -3  -7  12  -0.7335846021453596  -9  -7.052703230680354  -8  -6  -9  
-4  -6  -2  -6  -1  -6  -5  -7  -1  -3  -3  -6  -5  4  -7  -4  -4  -0.7335846021453596  9  -4  -4  -6  -4  -9  
0  -4  -3  -4  -3  -3  -3  -2.465650969270863  -3  3  0  -4  1  -3  -3  -2  0  -9  -4  5  -4  -3  -2  -9  
-1  -3  4  4  -6  0  2.214587138466996  -1  1  -3  -5  0  -4  -6  -3  0  0.8179431281342542  -7.052703230680354  -4  -4  4  2  -2  -9  
-0.851217448192223  -1  0  3  -8  5  4  -2  2.1019171245818775  -3  -4  -1  -2  -7  0.6224737537026757  -2  -2  -8  -6  -3  2  5  -2  -9  
-1  -2  -1  -2  -5  -2  -2  -2  -2  -2  -3  -2  -2  -4  -2  -1  -1  -6  -4  -2  -2  -2  -2  -9  
-9  -9  -9  -9  -9  -9  -9  -9  -9  -9  -9  -9  -9  -9  -9  -9  -9  -9  -9  -9  -9  -9  -9  1  
