A  R  N  D  C  Q  E  G  H  I  L  K  M  F  P  S  T  W  Y  V  B  Z  X  *  
4  -2.6925319748226633  -1  -1  -3  -2  -1.796995346227578  1  -3  -2  -3  -3  -2  -5  1  1.4711515315136285  1  -7  -4  0  -1  -1  -1  -9  
-2.6925319748226633  7  -2  -4  -5  1  -3  -5  1  -3  -5  2  -1  -6  -1  -1  -3  1  -6  -4  -2.5341644231228764  -1  -2  -9  
-1  -2  5  3  -5  -1  1.1119154683347192  -1  2  -3  -4  3.3948847747790754  -4  -5  -2  1  0  -5  -2  -3.735140252400097  4  0  -1  -9  
-1  -4  3  5  -7  0.9441158810819479  4  -1  -1  -4  -6  -1  -5  -5.885646418483572  -3  -1  -2  -9  -6  -4  4  3  -4.637567566477349  -9  
-3  -5  -5  -7  9  -8  -8  -5  -4  -3  -8  -8  -7  -7  -1.894083173505894  -1  -4  -9  -1  -2.561207752502706  -6  -8  -5  -9  
-2  1  -1  0.9441158810819479  -8  6  2  -2.754217474935579  3  -4  -2  0  -2  -4.661623324984673  -1  -2  -2  -7  -6  -3  0  4.529879499776607  -2  -9  
-1.796995346227578  -3  1.1119154683347192  4  -8  2  5  -1  -1  -3  -5  -1  -3.544268130574523  -8  -0.9470800654677152  -1  -2  -9  -5  -3  3  4  -2  -9  
1  -5  -1  -1  -5  -2.754217474935579  -1  4.1865969414766395  -4  -5  -6  -3  -5.382993595557762  -6  -2  0  -2  -9  -7  -3  -3.848074842025518  -2  -2  -9  
-3  1  2  -1  -4  3  -1  -4  7  -4  -3  -2  -4  -3  -1  -2  -3  -4  -1  -3  1  1  -2  -9  
-2  -3  -3  -4  -3  -4  -3  -5  -4  6  1  -3  1  0  -4  -0.29576044718266936  0  -7  -3  3  -3  -3  -2  -9  
-3  -5  -4  -6  -8  -2  -5  -6  -3  1  6  -4  3  0  -4  -4  -3  -3  -3  0  -5  -4.510673122729695  -3  -9  
-3  2  3.3948847747790754  -1  -8  0  -1  -3  -2  -3  -4  5  0  -7  -3  -1  -1  -6  -6  -4  0.16347916774970628  -1  -2  -9  
-2  -1  -4  -5  -7  -2  -3.544268130574523  -5.382993595557762  -4  1  3  0  9  -1  -4  -3  -1  -6  -5  -0.8202005544386513  -4  -2  -2  -9  
-5  -6  -5  -5.885646418483572  -7  -4.661623324984673  -8  -6  -3  0  0  -7  -1  8.092516690094328  -6  -4  -5  -1.1734579456268137  4  -3  -6  -7  -4  -9  
1  -1  -2  -3  -1.894083173505894  -1  -0.9470800654677152  -2  -1  -4  -4  -3  -4  -6  7  0  -1  -7  -7  -3  -3  -1  -2  -9  
1.4711515315136285  -1  1  -1  -1  -2  -1  0  -2  -0.29576044718266936  -4  -1  -3  -4  0  4  2  -0.2252073902953069  -4  -2  0  -2  -1  -9  
1  -3  0  -2  -4  -2  -2  -2  -3  0  -3  -1  -1  -5  -1  2  5  -7  -4  0  -1  -2  -1  -9  
-7  1  -5  -9  -9  -7  -9  -9  -4  -7  -3  -6  -6  -1.1734579456268137  -7  -0.2252073902953069  -7  12  -2  -9  -6  -8  -6.997576655060582  -9  
-4  -6  -2  -6  -1  -6  -5  -7  -1  -3  -3  -6  -5  4  -7  -4  -4  -2  9  -4  -4  -6  -4  -9  
0  -4  -3.735140252400097  -4  -2.561207752502706  -3  -3  -3  -3  3  0  -4  -0.8202005544386513  -3  -3  -2  0  -9  -4  5  -1.2840380293586895  -3  -2  -9  
-1  -2.5341644231228764  4  4  -6  0  3  -3.848074842025518  1  -3  -5  0.16347916774970628  -4  -6  -3  0  -1  -6  -4  -1.2840380293586895  4  2  -2  -9  
-1  -1  0  3  -8  4.529879499776607  4  -2  1  -3  -4.510673122729695  -1  -2  -7  -1  -2  -2  -8  -6  -3  2  5  -2  -9  
-1  -2  -1  -4.637567566477349  -5  -2  -2  -2  -2  -2  -3  -2  -2  -4  -2  -1  -1  -6.997576655060582  -4  -2  -2  -2  -2  -9  
-9  -9  -9  -9  -9  -9  -9  -9  -9  -9  -9  -9  -9  -9  -9  -9  -9  -9  -9  -9  -9  -9  -9  1  
