A  R  N  D  C  Q  E  G  H  I  L  K  M  F  P  S  T  W  Y  V  B  Z  X  *  
4  -3  -1  -1  -3  -2  0  1  -3  -2  -3  -3  -2  -5.260451975032203  1  1  3.806685860294181  -7  -4  0  -1  -1  -1.005650764677462  -9  
-3  7  -2  -4  -2.3249658000145472  2.9818468329149757  -3  -2.9979858325299693  1  -3  -5  2  0.3652323453193458  -6  -0.6061374399396922  -1  -3  1  -6  -4  -3  -1  -2  -9  
-1  -2  5  5.687564929990861  -5  -0.4993230547370633  1.0777514424143622  -1  2  -3  -4  1  -4  -5  -2  1  0  -5  -2  -3  4  0  -1  -9  
-1  -4  5.687564929990861  5  -5.182387885830614  0  4  -1  -1  -4  -6  -1  -5  -8  -3  -3.1525818289793994  -2  -7.797186821992475  -6  -4  4.689584444292848  3  -2  -9  
-3  -2.3249658000145472  -5  -5.182387885830614  9  -8  -8  -5.180680265289126  -4.237326510914074  -3  -8  -8  -9.810787195353306  -7  -4  -1  -4  -9  -1  -3  -6  -8  -5  -9  
-2  2.9818468329149757  -0.4993230547370633  0  -8  6  2  -3.2335165908495442  3  -4  -2  0  -4.906871357209973  -7  -1  -2  -2  -7  -6  -3  0  5  -2  -9  
0  -3  1.0777514424143622  4  -8  2  5  -1  -1  -3  -5.577183206790561  -2.7590464793893457  -4  -8.803050518987469  -2  -1  -2.9564345875224567  -9  -5  -3  3  4  -2  -9  
1  -2.9979858325299693  -1  -1  -5.180680265289126  -3.2335165908495442  -1  5.503611026350006  -4  -5  -6  -3  0.542020888859345  -6  -2  1.6197323472106828  -4.278340487859114  -9  -7  -0.5902852812184314  -1  -2  -2  -9  
-3  1  2  -1  -4.237326510914074  3  -1  -4  7  -4  -3  -1.2535386203395786  -4  -3  -1  -2  -3  -4  -1  -1.4167380947752082  0.7883839103824242  1  -2  -9  
-2  -3  -3  -4  -3  -4  -3  -5  -4  6  1  -3  1  0  -4  -3  0  -7  -3  3  -3  -3  -2  -9  
-3  -5  -4  -6  -8  -2  -5.577183206790561  -6  -3  1  6  -4  3  0  -5.786297867410331  -4  -5.055245552953449  -3  -3  0  -5  -4  -3  -9  
-3  2  1  -1  -8  0  -2.7590464793893457  -3  -1.2535386203395786  -3  -4  3.2232217038563915  0  -7  -3  -1  -1  -6  -6  -4  0  -1  -2  -9  
-2  0.3652323453193458  -4  -5  -9.810787195353306  -4.906871357209973  -4  0.542020888859345  -4  1  3  0  9  -1  -4  -3  -1  -6  -5  1  -4  -2  -2  -9  
-5.260451975032203  -6  -5  -8  -7  -7  -8.803050518987469  -6  -3  0  0  -7  -1  8  -5.622744433350185  -4  -5  -1  4  -3  -6  -7  -4  -9  
1  -0.6061374399396922  -2  -3  -4  -1  -2  -2  -1  -4  -5.786297867410331  -3  -4  -5.622744433350185  7  0  -2.778894808090153  -6.1503704625091205  -7  -3  -3  -1  -2  -9  
1  -1  1  -3.1525818289793994  -1  -2  -1  1.6197323472106828  -2  -3  -4  -1  -3  -4  0  4  2  -3  -4  -2  0  -0.9499484953048283  0.14129239496612755  -9  
3.806685860294181  -3  0  -2  -4  -2  -2.9564345875224567  -4.278340487859114  -3  0  -5.055245552953449  -1  -1  -5  -2.778894808090153  2  5  -7  -4  0  -1  -2  -1  -9  
-7  1  -5  -7.797186821992475  -9  -7  -9  -9  -4  -7  -3  -6  -6  -1  -6.1503704625091205  -3  -7  12  -2  -9  -6  -8  -6.470042421472461  -9  
-4  -6  -2  -6  -1  -6  -5  -7  -1  -3  -3  -6  -5  4  -7  -4  -4  -2  9  -4  -4  -6  -4  -9  
0  -4  -3  -4  -3  -3  -3  -0.5902852812184314  -1.4167380947752082  3  0  -4  1  -3  -3  -2  0  -9  -4  5  -4  -3  -2.060896996675867  -9  
-1  -3  4  4.689584444292848  -6  0  3  -1  0.7883839103824242  -3  -5  0  -4  -6  -3  0  -1  -6  -4  -4  4  2  -2  -9  
-1  -1  0  3  -8  5  4  -2  1  -3  -4  -1  -2  -7  -1  -0.9499484953048283  -2  -8  -6  -3  2  5  -2  -9  
-1.005650764677462  -2  -1  -2  -5  -2  -2  -2  -2  -2  -3  -2  -2  -4  -2  0.14129239496612755  -1  -6.470042421472461  -4  -2.060896996675867  -2  -2  -2  -9  
-9  -9  -9  -9  -9  -9  -9  -9  -9  -9  -9  -9  -9  -9  -9  -9  -9  -9  -9  -9  -9  -9  -9  1  
