A  R  N  D  C  Q  E  G  H  I  L  K  M  F  P  S  T  W  Y  V  B  Z  X  *  
4  -3  -1  -1  -2.379950681612266  -2  0  1  -3  -2  -3  -3  -2  -5  3.222532338304567  0.49535009314821377  1  -9.644700795628236  -4  0  -1  -1  -3.464462694450427  -9  
-3  7  -2  -4.863653429699117  -5  1  -3  -5  1  -3  -2.3335255385231344  0.9002081462487226  -1  -6  -1  -2.5733638517377493  -0.22037002840891806  1.052688079631567  -8.171518251502917  -4  -3.192530016171917  -1  -0.8347243302054621  -9  
-1  -2  5.734193564012863  3  -5  -1  1  -1  2  -0.9561116652801545  -4  2.1192844376676025  -4.052786045041092  -5  -2  1  0  -6.3862384271099755  -2  -3.4693706016269403  6.4594722366602175  0  -1  -9  
-1  -4.863653429699117  3  5  -7  0  4  -1  -1  -4  -6  -1  -6.3802048170970105  -8  -5.2715007859764516  -1  -2  -10.57310134117637  -6  -4  4  3  0.08582385142956284  -9  
-2.379950681612266  -5  -5  -7  10.277931487344068  -10.473868133553388  -9.096629829677525  -3.7527055377338723  -4  -4.1075567214685185  -9.311345426643797  -8  -7  -7  -1.818767112903619  -1.4331138260689622  -4  -9  -1  -3  -6  -8  -4.165528926803766  -9  
-2  1  -1  0  -10.473868133553388  6  2  -3  3  -4  -2  0  -3.4915086135365687  -7  -1  -2  -2  -7  -6  -3  0  5  -2  -9  
0  -3  1  4  -9.096629829677525  2  5  -1  -0.8023480123295572  -4.06199419310347  -5  -1  -3.5299931446423356  -8  -2  -1  0.22972102351500645  -9  -5  -3  3  4  -2  -9  
1  -5  -1  -1  -3.7527055377338723  -3  -1  6.619803048619383  -4  -5  -4.90551847718719  -3  -0.5396666756213251  -6  -3.256294943974602  -1.4569391655002208  -2.4120080819483123  -9  -7.215123016554602  -3  -1  -2  -1.4489213955617393  -9  
-3  1  2  -1  -4  3  -0.8023480123295572  -4  7  -4  -5.786294647166435  -0.38218149051928463  -1.1492130651017707  -3  -2.0177739178810175  -2  -5.752939805193085  -5.457897354010899  -0.9280301068560917  -3  1  1  -2  -9  
-2  -3  -0.9561116652801545  -4  -4.1075567214685185  -4  -4.06199419310347  -5  -4  6  1  -3  1  0  -5.589899137491381  -3  0  -7  -0.435548431641837  3  -5.295966436856364  -3  -2  -9  
-3  -2.3335255385231344  -4  -6  -9.311345426643797  -2  -5  -4.90551847718719  -5.786294647166435  1  6  -4.257826781118677  3  -1.3445991903296393  -4  -3.6109767106973694  -3  -4.455684443976606  -3  0  -5  -4  -0.8284315878552535  -9  
-3  0.9002081462487226  2.1192844376676025  -1  -8  0  -1  -3  -0.38218149051928463  -3  -4.257826781118677  5  0  -9.982531786661891  -3  -1  -1  -6  -8.964496274387379  -3.226478084201502  0  -1  -1.87790678132568  -9  
-2  -1  -4.052786045041092  -6.3802048170970105  -7  -3.4915086135365687  -3.5299931446423356  -0.5396666756213251  -1.1492130651017707  1  3  0  9  -1  -4  -3  -1  -6  -5  1  -4  -2  -2  -9  
-5  -6  -5  -8  -7  -7  -8  -6  -3  0  -1.3445991903296393  -9.982531786661891  -1  8  -6  -4  -5.110145286369856  -1  4  -3  -8.97315914143917  -7  -4  -9  
3.222532338304567  -1  -2  -5.2715007859764516  -1.818767112903619  -1  -2  -3.256294943974602  -2.0177739178810175  -5.589899137491381  -4  -3  -4  -6  7  2.3129719956608987  -1.2518020044129843  -7  -7  -3  -3  -1  -2  -9  
0.49535009314821377  -2.5733638517377493  1  -1  -1.4331138260689622  -2  -1  -1.4569391655002208  -2  -3  -3.6109767106973694  -1  -3  -4  2.3129719956608987  4  2  -3  -4  -4.910414921060839  0  -2  -1  -9  
1  -0.22037002840891806  0  -2  -4  -2  0.22972102351500645  -2.4120080819483123  -5.752939805193085  0  -3  -1  -1  -5.110145286369856  -1.2518020044129843  2  5  -7  -3.681686371819586  1.4716923335293841  -1  -2  -1  -9  
-9.644700795628236  1.052688079631567  -6.3862384271099755  -10.57310134117637  -9  -7  -9  -9  -5.457897354010899  -7  -4.455684443976606  -6  -6  -1  -7  -3  -7  12  -2  -9  -6  -8.619353469064729  -8.729802340896331  -9  
-4  -8.171518251502917  -2  -6  -1  -6  -5  -7.215123016554602  -0.9280301068560917  -0.435548431641837  -3  -8.964496274387379  -5  4  -7  -4  -3.681686371819586  -2  9  -4  -4  -6  -4  -9  
0  -4  -3.4693706016269403  -4  -3  -3  -3  -3  -3  3  0  -3.226478084201502  1  -3  -3  -4.910414921060839  1.4716923335293841  -9  -4  5  -5.310214814452696  -3  0.2527249071089135  -9  
-1  -3.192530016171917  6.4594722366602175  4  -6  0  3  -1  1  -5.295966436856364  -5  0  -4  -8.97315914143917  -3  0  -1  -6  -4  -5.310214814452696  4  0.9443284360098989  -2  -9  
-1  -1  0  3  -8  5  4  -2  1  -3  -4  -1  -2  -7  -1  -2  -2  -8.619353469064729  -6  -3  0.9443284360098989  5  -2  -9  
-3.464462694450427  -0.8347243302054621  -1  0.08582385142956284  -4.165528926803766  -2  -2  -1.4489213955617393  -2  -2  -0.8284315878552535  -1.87790678132568  -2  -4  -2  -1  -1  -8.729802340896331  -4  0.2527249071089135  -2  -2  -2  -9  
-9  -9  -9  -9  -9  -9  -9  -9  -9  -9  -9  -9  -9  -9  -9  -9  -9  -9  -9  -9  -9  -9  -9  1  
