A  R  N  D  C  Q  E  G  H  I  L  K  M  F  P  S  T  W  Y  V  B  Z  X  *  
2.166623140299599  -0.6714542999133257  -1  -0.13228745425358523  -3  -2  0  1  -2.614340451051361  -2  -3  -1.18868413582592  -2  -2.7836574798386975  1  1  1  -9.97713049755947  -2.9809464544118924  0  -1  -0.6677564969408896  -1  -9  
-0.6714542999133257  7  0.9905751083643877  -4  -5  1  -4.8172241492596335  -6.99705960404698  1  -3  -5  3.6323363939951836  -1  -6  -1  -1  -3  1  -6  -2.577609421639939  -4.630320379121902  1.0927494243947795  0.9203130561721509  -9  
-1  0.9905751083643877  5  3  -5  1.460710551079229  -1.2202679168459527  -1  0.047534493265404265  -3  -2.133643483577389  1  -2.8632318341880794  -5  -2  2.479013276647815  0  -5  -2  -2.508125792505373  4  -2.1147140783657044  -1  -9  
-0.13228745425358523  -4  3  5  -7  2.7713533179912275  4  -1  2.344527887945544  -4  -6  -1  -5  -8  -3  -1  -2  -9  -6  -4  2.715212311009619  3  -2  -9  
-3  -5  -5  -7  9  -8  -8  -5  -4  -3  -8  -8  -2.2005835292345397  -7  -4  -1  -4  -9.061635664259978  -1  -3  -6  -8  -5  -9  
-2  1  1.460710551079229  2.7713533179912275  -8  6  2  -5.670742970673798  3  -4.367389597980933  -2  0  -2  -7  -1  -2  -2  -7  -6  -3  0  4.769221223640875  -1.053492032814951  -9  
0  -4.8172241492596335  -1.2202679168459527  4  -8  2  6.195238649975968  -1  -1  -3  -5  -1  -4  -6.996795387691305  -2.399078126495091  -1  -2  -9  -5  -3  3  4  -0.5831043526084552  -9  
1  -6.99705960404698  -1  -1  -5  -5.670742970673798  -1  5  -3.994297838969753  -4.201747581515972  -6  -3  -4  -6  -2  0  -2  -6.000373904967519  -4.807690201323306  -5.365698024095419  -1  -2.704139715687139  -2  -9  
-2.614340451051361  1  0.047534493265404265  2.344527887945544  -4  3  -1  -3.994297838969753  7  -3.4788997084344935  -3  -1.4819299221266107  -4  -3  -1  -2.0788032110182595  -3  -4  -1  -3  1.3950342362363584  1  -2.177790739022177  -9  
-2  -3  -3  -4  -3  -4.367389597980933  -3  -4.201747581515972  -3.4788997084344935  6  1  -0.281239408895797  1  0  -4  -3  0  -7  -3  1.6794383030920228  -3  -3.6944158815423265  -2  -9  
-3  -5  -2.133643483577389  -6  -8  -2  -5  -6  -3  1  6  -2.2199244756182788  3  0  -4  -4  -3  -3  -3  0  -5  -4  -3  -9  
-1.18868413582592  3.6323363939951836  1  -1  -8  0  -1  -3  -1.4819299221266107  -0.281239408895797  -2.2199244756182788  5  0  -6.2125504630583315  -3  -1  -1.3362785852136807  -4.599580627942728  -6  -4  -0.06781676128299718  -1  -2  -9  
-2  -1  -2.8632318341880794  -5  -2.2005835292345397  -2  -4  -4  -4  1  3  0  10.727207442487853  -0.6490714259818828  -1.8246350051718663  -3  1.552445125503456  -6  -5  -0.2871741510605741  -4  -2  -2.393848408762829  -9  
-2.7836574798386975  -6  -5  -8  -7  -7  -6.996795387691305  -6  -3  0  0  -6.2125504630583315  -0.6490714259818828  8  -6  -4  -5  -1  4  -4.062853963195309  -6  -5.9878620919824455  -4  -9  
1  -1  -2  -3  -4  -1  -2.399078126495091  -2  -1  -4  -4  -3  -1.8246350051718663  -6  6.299265203592221  0  -1  -7  -7  -0.32401908346687835  -3  -0.6944900033838239  -2  -9  
1  -1  2.479013276647815  -1  -1  -2  -1  0  -2.0788032110182595  -3  -4  -1  -3  -4  0  4  2  -3  -4  -4.3639233691344  -1.8025715714289552  -2  -1  -9  
1  -3  0  -2  -4  -2  -2  -2  -3  0  -3  -1.3362785852136807  1.552445125503456  -5  -1  2  5.7272901601796224  -7  -4  0  -1  -2  -1  -9  
-9.97713049755947  1  -5  -9  -9.061635664259978  -7  -9  -6.000373904967519  -4  -7  -3  -4.599580627942728  -6  -1  -7  -3  -7  12  -4.829547942535166  -9  -6  -8  -6  -9  
-2.9809464544118924  -6  -2  -6  -1  -6  -5  -4.807690201323306  -1  -3  -3  -6  -5  4  -7  -4  -4  -4.829547942535166  9  -4  -4  -6  -4  -9  
0  -2.577609421639939  -2.508125792505373  -4  -3  -3  -3  -5.365698024095419  -3  1.6794383030920228  0  -4  -0.2871741510605741  -4.062853963195309  -0.32401908346687835  -4.3639233691344  0  -9  -4  5  -4  -0.8347223156400139  -2  -9  
-1  -4.630320379121902  4  2.715212311009619  -6  0  3  -1  1.3950342362363584  -3  -5  -0.06781676128299718  -4  -6  -3  -1.8025715714289552  -1  -6  -4  -4  4  2  -2  -9  
-0.6677564969408896  1.0927494243947795  -2.1147140783657044  3  -8  4.769221223640875  4  -2.704139715687139  1  -3.6944158815423265  -4  -1  -2  -5.9878620919824455  -0.6944900033838239  -2  -2  -8  -6  -0.8347223156400139  2  5.1200857162740565  -1.6051716360829653  -9  
-1  0.9203130561721509  -1  -2  -5  -1.053492032814951  -0.5831043526084552  -2  -2.177790739022177  -2  -3  -2  -2.393848408762829  -4  -2  -1  -1  -6  -4  -2  -2  -1.6051716360829653  -2  -9  
-9  -9  -9  -9  -9  -9  -9  -9  -9  -9  -9  -9  -9  -9  -9  -9  -9  -9  -9  -9  -9  -9  -9  1  
