A  R  N  D  C  Q  E  G  H  I  L  K  M  F  P  S  T  W  Y  V  B  Z  X  *  
4  -3  -1  -0.44873744278763894  -4.945044670998955  -2  0  1  -3  -2  -3  -3.834595299916338  -2.265179411783812  -5  1  3.136712872115538  1  -7  -1.1995984049156714  0  -1  -1  -3.0736859698404295  -9  
-3  7  -2  -2.746023348290258  -5  1  -3  -5  1  -3  -5  2  -1.66724757018704  -6  -1  2.664890845891421  -3  1  -4.816892257336417  -4  0.5694595270804608  -1  -2  -9  
-1  -2  6.76009257840808  3  -5  -1.5751062044255804  1  -1  2  -3  -1.8388480137374694  1  -4  -3.243512199173696  -4.288586408387621  1  0.32744013858934995  -5  -2.2554978077236387  -4.66263469274023  4  0  -1  -9  
-0.44873744278763894  -2.746023348290258  3  5  -7  3.0629057624677856  4  -1  -1  -1.7043742274661926  -8.343233820925894  -1  -5  -8  -3  -1  -2  -9  -6  -4  2.9693386191005144  0.7044134614582216  0.15911078430042402  -9  
-4.945044670998955  -5  -5  -7  12.260477609329989  -8  -8  -5  -4  -3  -8  -6.932064731106739  -7  -7  -4  -1  -4  -9  -0.34266867322107153  -3  -6.7593897599281005  -8  -3.826369191142822  -9  
-2  1  -1.5751062044255804  3.0629057624677856  -8  6  4.014034411923999  -3  3  -4  -2  -0.6288767492899385  -1.5485556434748802  -9.524676225828944  -3.80518341677735  -2  -2  -7  -8.61050852073874  -3  -0.25585031316286955  5  -2  -9  
0  -3  1  4  -8  4.014034411923999  5  -1  -1  -3  -5  -1  -4  -8  -2  -1  -2  -11.748002211494526  -5  -3  3  4  -2  -9  
1  -5  -1  -1  -5  -3  -1  5  -5.144479695118111  -5  -6  -3  -4  -6  -2  0  -2  -9  -7  -3  1.582647533925902  -2  -2  -9  
-3  1  2  -1  -4  3  -1  -5.144479695118111  7  -4  -3  -2.108296944987189  -3.602217400567662  -3  2.7620658532546196  -2.4921995416911322  -3  -4  -1.8470779712369576  -3  1  -1.505908657361445  -1.044360003368901  -9  
-2  -3  -3  -1.7043742274661926  -3  -4  -3  -5  -4  6  1  -3  2.815285926231959  0  -4  -3  0  -5.6445179094073765  0.6642646468878477  3.581206829954972  -3  -5.383549244237631  -2  -9  
-3  -5  -1.8388480137374694  -8.343233820925894  -8  -2  -5  -6  -3  1  6  -4  3  0  -3.9320831984237885  -2.868342805117317  -2.559021875278076  -3  -5.586409481821674  1.0134591610795103  -5  -4  -3.70699462396948  -9  
-3.834595299916338  2  1  -1  -6.932064731106739  -0.6288767492899385  -1  -3  -2.108296944987189  -3  -4  5  0  -7  -0.5844724422387373  -1  -1  -6  -6  -4  0  -1  -1.7761734718178053  -9  
-2.265179411783812  -1.66724757018704  -4  -5  -7  -1.5485556434748802  -4  -4  -3.602217400567662  2.815285926231959  3  0  9  -1  -4  -3  -1  -6  -5  1  -4  -2  0.34976142563487356  -9  
-5  -6  -3.243512199173696  -8  -7  -9.524676225828944  -8  -6  -3  0  0  -7  -1  8  -7.26901943859289  -4  -5  1.3146523311810328  4  -6.6500271394080945  -6  -7  -4  -9  
1  -1  -4.288586408387621  -3  -4  -3.80518341677735  -2  -2  2.7620658532546196  -4  -3.9320831984237885  -0.5844724422387373  -4  -7.26901943859289  7  -0.1023480507842871  -1  -7  -7  -3  -3  -0.6437344611823814  -2  -9  
3.136712872115538  2.664890845891421  1  -1  -1  -2  -1  0  -2.4921995416911322  -3  -2.868342805117317  -1  -3  -4  -0.1023480507842871  4  2  -3  -6.775296738362262  -2  -0.7583103530003448  -2  -1  -9  
1  -3  0.32744013858934995  -2  -4  -2  -2  -2  -3  0  -2.559021875278076  -1  -1  -5  -1  2  5  -7  -4  0  -1  -2  -1  -9  
-7  1  -5  -9  -9  -7  -11.748002211494526  -9  -4  -5.6445179094073765  -3  -6  -6  1.3146523311810328  -7  -3  -7  9.409876288538147  -2  -9  -6  -9.022366301320139  -6  -9  
-1.1995984049156714  -4.816892257336417  -2.2554978077236387  -6  -0.34266867322107153  -8.61050852073874  -5  -7  -1.8470779712369576  0.6642646468878477  -5.586409481821674  -6  -5  4  -7  -6.775296738362262  -4  -2  9  -4  -4  -6  -4  -9  
0  -4  -4.66263469274023  -4  -3  -3  -3  -3  -3  3.581206829954972  1.0134591610795103  -4  1  -6.6500271394080945  -3  -2  0  -9  -4  5  -4  -3  -2  -9  
-1  0.5694595270804608  4  2.9693386191005144  -6.7593897599281005  -0.25585031316286955  3  1.582647533925902  1  -3  -5  0  -4  -6  -3  -0.7583103530003448  -1  -6  -4  -4  4  2  -2  -9  
-1  -1  0  0.7044134614582216  -8  5  4  -2  -1.505908657361445  -5.383549244237631  -4  -1  -2  -7  -0.6437344611823814  -2  -2  -9.022366301320139  -6  -3  2  5  -2  -9  
-3.0736859698404295  -2  -1  0.15911078430042402  -3.826369191142822  -2  -2  -2  -1.044360003368901  -2  -3.70699462396948  -1.7761734718178053  0.34976142563487356  -4  -2  -1  -1  -6  -4  -2  -2  -2  -2  -9  
-9  -9  -9  -9  -9  -9  -9  -9  -9  -9  -9  -9  -9  -9  -9  -9  -9  -9  -9  -9  -9  -9  -9  1  
